=== Run information ===

Evaluator:    weka.attributeSelection.PrincipalComponents -R 0.95 -A 5
Search:       weka.attributeSelection.Ranker -T -1.7976931348623157E308 -N -1
Relation:     mydata-weka.filters.unsupervised.attribute.Remove-R1
Instances:    1080
Attributes:   81
              DYRK1A_N
              ITSN1_N
              BDNF_N
              NR1_N
              NR2A_N
              pAKT_N
              pBRAF_N
              pCAMKII_N
              pCREB_N
              pELK_N
              pERK_N
              pJNK_N
              PKCA_N
              pMEK_N
              pNR1_N
              pNR2A_N
              pNR2B_N
              pPKCAB_N
              pRSK_N
              AKT_N
              BRAF_N
              CAMKII_N
              CREB_N
              ELK_N
              ERK_N
              GSK3B_N
              JNK_N
              MEK_N
              TRKA_N
              RSK_N
              APP_N
              Bcatenin_N
              SOD1_N
              MTOR_N
              P38_N
              pMTOR_N
              DSCR1_N
              AMPKA_N
              NR2B_N
              pNUMB_N
              RAPTOR_N
              TIAM1_N
              pP70S6_N
              NUMB_N
              P70S6_N
              pGSK3B_N
              pPKCG_N
              CDK5_N
              S6_N
              ADARB1_N
              AcetylH3K9_N
              RRP1_N
              BAX_N
              ARC_N
              ERBB4_N
              nNOS_N
              Tau_N
              GFAP_N
              GluR3_N
              GluR4_N
              IL1B_N
              P3525_N
              pCASP9_N
              PSD95_N
              SNCA_N
              Ubiquitin_N
              pGSK3B_Tyr216_N
              SHH_N
              BAD_N
              BCL2_N
              pS6_N
              pCFOS_N
              SYP_N
              H3AcK18_N
              EGR1_N
              H3MeK4_N
              CaNA_N
              Genotype
              Treatment
              Behavior
              class
Evaluation mode:    evaluate on all training data



=== Attribute Selection on all input data ===

Search Method:
	Attribute ranking.

Attribute Evaluator (unsupervised):
	Principal Components Attribute Transformer

Correlation matrix
  1      0.96   0.36   0.29   0.33  -0.18  -0.09  -0.18   0.05   0.79   0.95  -0.12   0.26  -0.08   0.2   -0.18   0.19   0.38   0.08   0.09   0.96   0.03   0      0.32   0.4    0.77   0.2    0.22   0.31  -0.02   0.32   0.28  -0.38  -0.13  -0.36  -0.14  -0.04   0.14  -0.07   0.23  -0.06   0.11  -0.2    0.23   0.14   0.33  -0.07   0.2    0.21   0.1   -0.17  -0.03   0.16  -0.33  -0.23  -0.09   0.04   0.08  -0.02  -0.01  -0.4   -0.14  -0.21  -0.16  -0.4   -0.43   0.32  -0.2   -0.25  -0.16  -0.33  -0.22  -0.05  -0.23  -0.32  -0.27   0.48   0.09   0.01  -0.51 
  0.96   1      0.46   0.42   0.43  -0.15  -0.08  -0.13   0.17   0.78   0.91  -0.04   0.34  -0.02   0.32  -0.1    0.31   0.45   0.12   0.2    0.92   0.08   0.01   0.47   0.53   0.84   0.25   0.33   0.45  -0      0.44   0.42  -0.32  -0.12  -0.38  -0.1   -0.04   0.2   -0.03   0.26  -0.06   0.17  -0.21   0.38   0.26   0.37  -0.03   0.29   0.31   0.21  -0.15  -0.06   0.27  -0.26  -0.13   0.01   0.08   0.04  -0.02   0.03  -0.39  -0.07  -0.11  -0.08  -0.43  -0.37   0.38  -0.2   -0.32  -0.24  -0.26  -0.3    0.04  -0.23  -0.39  -0.32   0.52   0.17   0.03  -0.48 
  0.36   0.46   1      0.81   0.75   0.32   0.39   0.25   0.6    0.45   0.35   0.46   0.77   0.47   0.75   0.36   0.7    0.57   0.34   0.61   0.33   0.57   0.43   0.73   0.74   0.67   0.63   0.77   0.8    0.39   0.64   0.73  -0      0.5    0.11   0.45   0.41   0.72   0.57   0.61   0.48   0.62   0.09   0.4    0.21   0.36   0.07   0.38   0.11   0.59  -0.1    0.02   0.41   0.13   0.2    0.18  -0.02   0.06  -0.03   0.14  -0.26   0.21   0.06   0.04  -0.18   0.05   0.18  -0.08  -0.17  -0.14   0.13  -0.25   0.45  -0.13  -0.23  -0.21   0.26  -0.04   0.07  -0.15 
  0.29   0.42   0.81   1      0.87   0.21   0.24   0.3    0.6    0.42   0.27   0.44   0.61   0.38   0.95   0.51   0.9    0.44   0.24   0.7    0.23   0.47   0.19   0.82   0.81   0.67   0.53   0.69   0.86   0.26   0.52   0.91   0.16   0.41   0.04   0.49   0.24   0.63   0.52   0.4    0.27   0.47  -0.03   0.54   0.42   0.18  -0.02   0.36   0.1    0.57  -0.16  -0.14   0.48   0.26   0.27   0.4   -0.06  -0.14   0.15   0.2   -0.2    0.12   0.17   0.31  -0.23   0.11   0.2   -0.14  -0.35  -0.29   0.26  -0.36   0.47  -0.21  -0.29  -0.3    0.21  -0.11   0.07  -0.02 
  0.33   0.43   0.75   0.87   1      0.11   0.11   0.28   0.39   0.41   0.33   0.39   0.55   0.26   0.87   0.51   0.86   0.41   0.12   0.68   0.25   0.37   0.09   0.78   0.85   0.65   0.43   0.58   0.76   0.06   0.46   0.86   0.03   0.37  -0.02   0.46   0.26   0.68   0.49   0.52   0.31   0.5   -0.16   0.53   0.44   0.16  -0.16   0.33   0.07   0.67  -0.19  -0.11   0.56   0.26   0.21   0.31  -0.08  -0.09   0.15   0.21  -0.26   0.02   0.14   0.18  -0.29   0.04   0.08  -0.26  -0.4   -0.27   0.26  -0.41   0.4   -0.29  -0.32  -0.38   0.19  -0.16  -0.01  -0.11 
 -0.18  -0.15   0.32   0.21   0.11   1      0.83   0.46   0.6    0.04  -0.19   0.78   0.3    0.87   0.22   0.34   0.23  -0.01   0.56   0.43  -0.06   0.74   0.73  -0.01  -0.02  -0.02   0.71   0.58   0.35   0.78   0.24   0.16   0.31   0.48   0.41   0.55   0.55   0.28   0.51   0.27   0.49   0.32   0.3   -0.2   -0.07   0.04   0.13   0.04  -0.15   0.06   0      0.16  -0.03   0.3    0.29   0.11  -0.02   0.08  -0.31  -0.13   0.15   0.17   0.11   0.21   0.36   0.61  -0      0.14   0.29   0.24   0.3    0.05   0.25   0.32   0.25   0.32  -0.24   0.09  -0.13   0.35 
 -0.09  -0.08   0.39   0.24   0.11   0.83   1      0.37   0.59   0.12  -0.1    0.77   0.31   0.84   0.27   0.34   0.25  -0.04   0.51   0.44   0.02   0.76   0.81   0.05  -0.01   0.03   0.76   0.61   0.33   0.78   0.26   0.17   0.31   0.51   0.46   0.55   0.57   0.35   0.55   0.31   0.56   0.37   0.25  -0.2   -0.1    0.06   0.02   0.03  -0.22   0.02  -0.02   0.18  -0.04   0.26   0.2    0.09  -0.04   0.13  -0.22  -0.1    0.14   0.08   0.08   0.16   0.36   0.52  -0.03   0.13   0.29   0.28   0.26   0.15   0.28   0.28   0.3    0.33  -0.21   0.01  -0.19   0.32 
 -0.18  -0.13   0.25   0.3    0.28   0.46   0.37   1      0.4   -0.08  -0.23   0.56   0.37   0.5    0.32   0.61   0.38   0.11   0.45   0.25  -0.18   0.31   0.32   0.15   0.02  -0.01   0.26   0.35   0.3    0.22   0.27   0.36   0.25   0.32   0.38   0.51   0.23   0.22   0.37   0.11   0.28   0.27   0.46  -0.05   0.17  -0.18   0.33  -0.03  -0.13   0.19   0.05  -0.05   0.16   0.39   0.24   0.33  -0.03  -0.21   0.08   0.15   0.11   0.07   0.24   0.33   0.14   0.6    0.07   0.04   0.07   0.01   0.39  -0.06   0.24   0.18   0.07   0.06  -0.38   0.03  -0.19   0.49 
  0.05   0.17   0.6    0.6    0.39   0.6    0.59   0.4    1      0.21   0.02   0.63   0.47   0.72   0.54   0.49   0.52   0.2    0.46   0.55   0.09   0.65   0.58   0.52   0.41   0.28   0.63   0.75   0.67   0.65   0.5    0.62   0.39   0.28   0.13   0.45   0.31   0.33   0.39   0.22   0.27   0.33   0.16   0.28   0.3    0.27   0.19   0.27   0.18   0.22   0.07   0.04   0.25   0.3    0.36   0.34   0.12   0.01  -0.1    0.09   0.05   0.25   0.27   0.4    0.08   0.44   0.16   0.07  -0.05  -0.07   0.3   -0.17   0.41   0.22  -0.11   0.05   0.04   0.17   0.08   0.24 
  0.79   0.78   0.45   0.42   0.41   0.04   0.12  -0.08   0.21   1      0.76   0.11   0.27   0.15   0.36   0.02   0.36   0.26   0.07   0.31   0.8    0.3    0.16   0.38   0.42   0.66   0.34   0.34   0.37   0.19   0.3    0.36  -0.15   0.13  -0.12   0.12   0.21   0.36   0.19   0.32   0.19   0.28  -0.16   0.15   0.14   0.23  -0.21   0.09   0      0.16  -0.21   0.04   0.16  -0.16  -0.16  -0.09  -0.03   0.06  -0.09  -0.04  -0.34  -0.19  -0.2   -0.11  -0.22  -0.24   0.12  -0.2   -0.19  -0.07  -0.16  -0.17   0.04  -0.19  -0.2   -0.19   0.23  -0.03   0     -0.29 
  0.95   0.91   0.35   0.27   0.33  -0.19  -0.1   -0.23   0.02   0.76   1     -0.09   0.25  -0.1    0.2   -0.14   0.2    0.38   0.03   0.07   0.93   0.03  -0.01   0.32   0.43   0.74   0.2    0.18   0.29  -0.02   0.25   0.23  -0.45  -0.13  -0.39  -0.13  -0.03   0.16  -0.07   0.29  -0.06   0.08  -0.3    0.27   0.19   0.36  -0.16   0.23   0.22   0.14  -0.23  -0.03   0.14  -0.32  -0.22  -0.09  -0      0.11   0.01  -0     -0.39  -0.14  -0.16  -0.17  -0.4   -0.45   0.27  -0.21  -0.28  -0.15  -0.32  -0.22  -0.01  -0.28  -0.32  -0.31   0.53  -0     -0.01  -0.59 
 -0.12  -0.04   0.46   0.44   0.39   0.78   0.77   0.56   0.63   0.11  -0.09   1      0.38   0.84   0.48   0.67   0.54   0.07   0.54   0.63  -0.06   0.66   0.6    0.32   0.28   0.12   0.75   0.69   0.54   0.59   0.32   0.43   0.32   0.51   0.37   0.69   0.52   0.45   0.57   0.4    0.48   0.42   0.1    0.13   0.27   0.05   0.04   0.2   -0.1    0.27  -0.08   0.09   0.22   0.41   0.33   0.28  -0.04   0.02  -0.11   0.04   0.11   0.11   0.32   0.32   0.25   0.63  -0.01  -0.01   0.11   0.12   0.41  -0.08   0.46   0.16   0.11   0.12  -0.18  -0.02  -0.18   0.32 
  0.26   0.34   0.77   0.61   0.55   0.3    0.31   0.37   0.47   0.27   0.25   0.38   1      0.41   0.53   0.26   0.49   0.82   0.54   0.28   0.24   0.42   0.39   0.48   0.51   0.59   0.51   0.61   0.67   0.31   0.59   0.53  -0.17   0.38   0.07   0.34   0.32   0.51   0.42   0.53   0.41   0.51   0.35   0.25   0.03   0.42   0.43   0.35   0.12   0.52  -0.02   0.04   0.35  -0.06   0.09   0.09  -0.11   0.1   -0.01   0.13  -0.37   0.23   0.07  -0.06  -0.28   0.03   0.26  -0.1   -0.04  -0.16  -0.06  -0.22   0.38  -0.07  -0.21  -0.18   0.32   0      0.04  -0.26 
 -0.08  -0.02   0.47   0.38   0.26   0.87   0.84   0.5    0.72   0.15  -0.1    0.84   0.41   1      0.37   0.44   0.37   0.06   0.61   0.55   0.02   0.76   0.76   0.19   0.14   0.12   0.79   0.73   0.48   0.78   0.34   0.36   0.37   0.47   0.39   0.61   0.53   0.39   0.55   0.31   0.52   0.4    0.27  -0.06   0.03   0.14   0.14   0.11  -0.12   0.15   0.01   0.15   0.14   0.32   0.28   0.17  -0.01   0.08  -0.28  -0.07   0.07   0.14   0.15   0.25   0.28   0.59   0.04   0.06   0.18   0.15   0.32  -0.02   0.34   0.27   0.15   0.23  -0.2    0.07  -0.11   0.36 
  0.2    0.32   0.75   0.95   0.87   0.22   0.27   0.32   0.54   0.36   0.2    0.48   0.53   0.37   1      0.6    0.91   0.31   0.18   0.74   0.14   0.46   0.18   0.81   0.76   0.55   0.49   0.64   0.76   0.21   0.44   0.87   0.22   0.5    0.16   0.58   0.32   0.7    0.6    0.44   0.36   0.53  -0.05   0.5    0.45   0.09  -0.14   0.26   0.03   0.55  -0.11  -0.1    0.44   0.33   0.28   0.41  -0.01  -0.12   0.19   0.21  -0.11   0.09   0.21   0.27  -0.13   0.15   0.08  -0.14  -0.32  -0.23   0.33  -0.28   0.45  -0.18  -0.19  -0.23   0.06  -0.19   0.01   0.07 
 -0.18  -0.1    0.36   0.51   0.51   0.34   0.34   0.61   0.49   0.02  -0.14   0.67   0.26   0.44   0.6    1      0.68   0.01   0.14   0.52  -0.21   0.34   0.22   0.47   0.36   0.01   0.27   0.43   0.41   0.17   0.13   0.54   0.41   0.44   0.37   0.69   0.32   0.45   0.5    0.21   0.34   0.34  -0.03   0.28   0.49  -0.15  -0.07   0.11  -0.19   0.43  -0.08  -0.02   0.36   0.57   0.37   0.44  -0.05  -0.11   0.22   0.23   0.21   0.09   0.5    0.42   0.22   0.55  -0.11  -0.04  -0.11  -0.03   0.57  -0.08   0.47   0.01   0.04  -0.04  -0.29  -0.23  -0.12   0.4  
  0.19   0.31   0.7    0.9    0.86   0.23   0.25   0.38   0.52   0.36   0.2    0.54   0.49   0.37   0.91   0.68   1      0.29   0.13   0.73   0.12   0.46   0.17   0.77   0.76   0.53   0.47   0.62   0.8    0.17   0.42   0.85   0.19   0.45   0.14   0.61   0.32   0.63   0.56   0.41   0.31   0.48  -0.14   0.5    0.54   0.04  -0.17   0.3   -0.03   0.58  -0.2   -0.13   0.5    0.43   0.34   0.44  -0.09  -0.16   0.2    0.22  -0.06   0.05   0.3    0.37  -0.1    0.26   0.09  -0.12  -0.34  -0.19   0.43  -0.29   0.51  -0.22  -0.19  -0.26   0.05  -0.12  -0.04   0.08 
  0.38   0.45   0.57   0.44   0.41  -0.01  -0.04   0.11   0.2    0.26   0.38   0.07   0.82   0.06   0.31   0.01   0.29   1      0.44   0.04   0.34   0.09   0.07   0.4    0.46   0.66   0.29   0.36   0.55   0.06   0.44   0.36  -0.43   0.02  -0.3   -0.07  -0.01   0.24   0.04   0.34   0.03   0.21   0.25   0.37   0.01   0.45   0.55   0.44   0.31   0.49  -0.06  -0.05   0.33  -0.32  -0.08  -0.03  -0.12   0.05  -0.05   0.06  -0.51   0.23  -0.04  -0.15  -0.5   -0.25   0.37  -0.13  -0.13  -0.3   -0.32  -0.29   0.21  -0.18  -0.37  -0.35   0.58   0.02   0.2   -0.54 
  0.08   0.12   0.34   0.24   0.12   0.56   0.51   0.45   0.46   0.07   0.03   0.54   0.54   0.61   0.18   0.14   0.13   0.44   1      0.24   0.13   0.3    0.46   0.14   0.04   0.28   0.62   0.5    0.4    0.43   0.3    0.29   0.07   0.09   0.04   0.18   0.09   0.08   0.15   0.13   0.16   0.14   0.44   0.06  -0.02   0.3    0.56   0.2    0.18   0.05   0.17   0.05   0.12  -0.07   0.09   0.13   0.08   0.01  -0.17  -0.03  -0.16   0.14   0.11   0.09  -0.15   0.21   0.29  -0.04   0.11  -0.12  -0.07  -0.15   0.19   0.2   -0.07   0.06   0.15   0.14  -0.03   0.04 
  0.09   0.2    0.61   0.7    0.68   0.43   0.44   0.25   0.55   0.31   0.07   0.63   0.28   0.55   0.74   0.52   0.73   0.04   0.24   1      0.06   0.56   0.27   0.7    0.62   0.33   0.6    0.69   0.61   0.31   0.35   0.69   0.43   0.5    0.26   0.57   0.37   0.63   0.59   0.36   0.39   0.48  -0.15   0.4    0.42   0.05  -0.26   0.22   0.01   0.4   -0.08   0      0.4    0.49   0.41   0.38   0.1   -0.06  -0.03   0.12   0.1    0.08   0.23   0.25   0.11   0.32   0.04   0.02  -0.19  -0.08   0.49  -0.18   0.41  -0.09  -0.01  -0.08  -0.1   -0.08   0.07   0.29 
  0.96   0.92   0.33   0.23   0.25  -0.06   0.02  -0.18   0.09   0.8    0.93  -0.06   0.24   0.02   0.14  -0.21   0.12   0.34   0.13   0.06   1      0.14   0.13   0.22   0.3    0.73   0.27   0.23   0.28   0.13   0.24   0.19  -0.36  -0.12  -0.33  -0.13  -0      0.11  -0.04   0.2   -0.03   0.05  -0.15   0.12   0.05   0.33  -0.07   0.15   0.16   0.04  -0.17   0.01   0.08  -0.33  -0.23  -0.14   0.03   0.1   -0.1   -0.09  -0.37  -0.15  -0.25  -0.15  -0.32  -0.37   0.31  -0.16  -0.18  -0.1   -0.33  -0.18  -0.06  -0.16  -0.26  -0.19   0.45   0.04  -0     -0.48 
  0.03   0.08   0.57   0.47   0.37   0.74   0.76   0.31   0.65   0.3    0.03   0.66   0.42   0.76   0.46   0.34   0.46   0.09   0.3    0.56   0.14   1      0.76   0.23   0.26   0.21   0.72   0.67   0.51   0.81   0.34   0.33   0.24   0.57   0.37   0.58   0.65   0.52   0.65   0.49   0.59   0.47   0.13  -0.03  -0.04   0.17  -0.11   0.15  -0.13   0.22  -0.12   0.2    0.11   0.32   0.26   0.02  -0.06   0.19  -0.25  -0.09   0.05   0.12  -0.03   0.14   0.33   0.46  -0.04   0.11   0.15   0.25   0.32   0.03   0.33   0.16   0.19   0.21  -0.11  -0.06  -0.02   0.18 
  0      0.01   0.43   0.19   0.09   0.73   0.81   0.32   0.58   0.16  -0.01   0.6    0.39   0.76   0.18   0.22   0.17   0.07   0.46   0.27   0.13   0.76   1      0     -0.02   0.09   0.64   0.56   0.33   0.79   0.29   0.12   0.18   0.41   0.35   0.43   0.53   0.3    0.5    0.33   0.54   0.36   0.28  -0.23  -0.2    0.22   0.12   0.09  -0.15   0.05   0.01   0.26  -0.02   0.16   0.18  -0.01  -0      0.22  -0.27  -0.13   0.06   0.16   0      0.12   0.32   0.44   0.03   0.1    0.29   0.3    0.16   0.16   0.26   0.32   0.26   0.31  -0.1    0.06  -0.12   0.2  
  0.32   0.47   0.73   0.82   0.78  -0.01   0.05   0.15   0.52   0.38   0.32   0.32   0.48   0.19   0.81   0.47   0.77   0.4    0.14   0.7    0.22   0.23   0      1      0.85   0.58   0.34   0.61   0.71   0.01   0.47   0.83   0.11   0.22  -0.1    0.3    0.09   0.58   0.34   0.38   0.15   0.42  -0.19   0.72   0.58   0.29  -0.05   0.4    0.32   0.56  -0     -0.07   0.55   0.25   0.31   0.4    0.15  -0.03   0.15   0.26  -0.13   0.2    0.28   0.2   -0.24   0      0.17  -0.13  -0.39  -0.3    0.25  -0.33   0.47  -0.19  -0.33  -0.31   0.25  -0.07   0.15  -0.09 
  0.4    0.53   0.74   0.81   0.85  -0.02  -0.01   0.02   0.41   0.42   0.43   0.28   0.51   0.14   0.76   0.36   0.76   0.46   0.04   0.62   0.3    0.26  -0.02   0.85   1      0.7    0.38   0.58   0.76   0.03   0.47   0.8   -0.07   0.2   -0.27   0.27   0.15   0.55   0.3    0.51   0.11   0.38  -0.36   0.69   0.55   0.33  -0.16   0.49   0.3    0.63  -0.2   -0.14   0.55   0.15   0.24   0.26   0     -0.02   0.08   0.18  -0.25   0.13   0.18   0.14  -0.37  -0.1    0.18  -0.24  -0.45  -0.31   0.15  -0.47   0.46  -0.31  -0.41  -0.44   0.44  -0.08   0.13  -0.31 
  0.77   0.84   0.67   0.67   0.65  -0.02   0.03  -0.01   0.28   0.66   0.74   0.12   0.59   0.12   0.55   0.01   0.53   0.66   0.28   0.33   0.73   0.21   0.09   0.58   0.7    1      0.44   0.51   0.72   0.12   0.48   0.62  -0.3    0.04  -0.34   0.05   0.02   0.35   0.13   0.35   0.02   0.24  -0.08   0.43   0.23   0.36   0.11   0.39   0.24   0.44  -0.23  -0.17   0.38  -0.22  -0.05   0.07  -0.07  -0.09  -0.02   0.03  -0.48  -0.01  -0.1   -0     -0.54  -0.29   0.45  -0.25  -0.37  -0.35  -0.22  -0.43   0.21  -0.3   -0.46  -0.44   0.58   0.03   0.01  -0.47 
  0.2    0.25   0.63   0.53   0.43   0.71   0.76   0.26   0.63   0.34   0.2    0.75   0.51   0.79   0.49   0.27   0.47   0.29   0.62   0.6    0.27   0.72   0.64   0.34   0.38   0.44   1      0.77   0.66   0.71   0.45   0.45   0.11   0.41   0.14   0.44   0.46   0.43   0.48   0.46   0.41   0.37   0.09   0.15   0.08   0.29   0.04   0.3    0.05   0.24  -0.1    0.11   0.19   0.11   0.19   0.11  -0.04   0.11  -0.22  -0.06  -0.11   0.11   0.02   0.17   0.01   0.29   0.15   0.01   0.08   0.08   0.11  -0.13   0.36   0.09   0      0.05   0.17   0.03  -0.08  -0.02 
  0.22   0.33   0.77   0.69   0.58   0.58   0.61   0.35   0.75   0.34   0.18   0.69   0.61   0.73   0.64   0.43   0.62   0.36   0.5    0.69   0.23   0.67   0.56   0.61   0.58   0.51   0.77   1      0.77   0.58   0.55   0.67   0.22   0.44   0.16   0.52   0.41   0.52   0.53   0.43   0.39   0.47   0.1    0.33   0.28   0.31   0.14   0.4    0.1    0.38  -0.09   0.02   0.42   0.26   0.33   0.29   0.02   0.03  -0.12   0.1   -0.07   0.24   0.2    0.25  -0.01   0.33   0.25   0.02  -0.04  -0.05   0.26  -0.2    0.51   0.04  -0.07  -0.05   0.16   0.06   0.07   0.11 
  0.31   0.45   0.8    0.86   0.76   0.35   0.33   0.3    0.67   0.37   0.29   0.54   0.67   0.48   0.76   0.41   0.8    0.55   0.4    0.61   0.28   0.51   0.33   0.71   0.76   0.72   0.66   0.77   1      0.39   0.58   0.82   0.06   0.26  -0.12   0.36   0.2    0.44   0.4    0.37   0.16   0.34  -0      0.54   0.38   0.3    0.18   0.52   0.25   0.58  -0.11  -0.14   0.47   0.21   0.33   0.35   0.01  -0.09   0      0.14  -0.18   0.25   0.18   0.37  -0.28   0.19   0.34  -0.11  -0.28  -0.26   0.21  -0.43   0.52  -0.1   -0.34  -0.26   0.38   0.09   0.04  -0.12 
 -0.02  -0      0.39   0.26   0.06   0.78   0.78   0.22   0.65   0.19  -0.02   0.59   0.31   0.78   0.21   0.17   0.17   0.06   0.43   0.31   0.13   0.81   0.79   0.01   0.03   0.12   0.71   0.58   0.39   1      0.21   0.13   0.21   0.36   0.23   0.38   0.48   0.24   0.42   0.25   0.39   0.21   0.23  -0.18  -0.2    0.2    0.07   0.07  -0.08  -0.02  -0.03   0.16  -0.11   0.11   0.16  -0.07  -0.04   0.14  -0.39  -0.23   0.02   0.11  -0.1    0.14   0.28   0.41  -0      0.08   0.23   0.22   0.11   0.03   0.22   0.27   0.16   0.27  -0.03   0.01  -0.04   0.16 
  0.32   0.44   0.64   0.52   0.46   0.24   0.26   0.27   0.5    0.3    0.25   0.32   0.59   0.34   0.44   0.13   0.42   0.44   0.3    0.35   0.24   0.34   0.29   0.47   0.47   0.48   0.45   0.55   0.58   0.21   1      0.54  -0.02   0.29   0.04   0.27   0.36   0.44   0.33   0.48   0.33   0.62   0.19   0.32   0.17   0.26   0.19   0.29   0.29   0.37   0.02   0.03   0.25  -0.03   0.06   0.11   0.05   0.06  -0.08   0.15  -0.29   0.14   0.01  -0     -0.22   0.03   0.15  -0.05  -0.12  -0.15  -0.03  -0.2    0.13  -0.05  -0.26  -0.15   0.17   0.52   0.02  -0.14 
  0.28   0.42   0.73   0.91   0.86   0.16   0.17   0.36   0.62   0.36   0.23   0.43   0.53   0.36   0.87   0.54   0.85   0.36   0.29   0.69   0.19   0.33   0.12   0.83   0.8    0.62   0.45   0.67   0.82   0.13   0.54   1      0.29   0.28  -0.03   0.44   0.14   0.54   0.41   0.29   0.19   0.43  -0.03   0.57   0.5    0.16   0.02   0.34   0.14   0.52  -0.06  -0.17   0.54   0.28   0.26   0.44   0.02  -0.2    0.18   0.26  -0.21   0.06   0.23   0.33  -0.32   0.11   0.17  -0.22  -0.42  -0.36   0.28  -0.46   0.43  -0.18  -0.38  -0.33   0.15   0.01   0.09   0.08 
 -0.38  -0.32  -0      0.16   0.03   0.31   0.31   0.25   0.39  -0.15  -0.45   0.32  -0.17   0.37   0.22   0.41   0.19  -0.43   0.07   0.43  -0.36   0.24   0.18   0.11  -0.07  -0.3    0.11   0.22   0.06   0.21  -0.02   0.29   1      0.28   0.41   0.39   0.16   0.1    0.32  -0.28   0.2    0.12   0.19  -0.06   0.07  -0.32  -0.05  -0.15  -0.23  -0.06   0.23   0.03   0.08   0.48   0.31   0.33   0.21  -0.17   0.02   0.13   0.34   0.02   0.2    0.32   0.32   0.44  -0.15   0.16   0.07   0.02   0.48   0.05   0.15   0.33   0.24   0.28  -0.54   0.05   0.08   0.77 
 -0.13  -0.12   0.5    0.41   0.37   0.48   0.51   0.32   0.28   0.13  -0.13   0.51   0.38   0.47   0.5    0.44   0.45   0.02   0.09   0.5   -0.12   0.57   0.41   0.22   0.2    0.04   0.41   0.44   0.26   0.36   0.29   0.28   0.28   1      0.78   0.8    0.74   0.76   0.85   0.52   0.8    0.7    0.28  -0.15  -0.06  -0.2   -0.19  -0.09  -0.4    0.34  -0.13   0.05   0      0.37   0.2    0.11  -0.11  -0.01  -0.05   0.05   0.07   0.11  -0     -0.08   0.38   0.31  -0.2    0.15   0.16   0.17   0.37   0.13   0.22  -0.05   0.28   0.11  -0.41  -0.23  -0.08   0.32 
 -0.36  -0.38   0.11   0.04  -0.02   0.41   0.46   0.38   0.13  -0.12  -0.39   0.37   0.07   0.39   0.16   0.37   0.14  -0.3    0.04   0.26  -0.33   0.37   0.35  -0.1   -0.27  -0.34   0.14   0.16  -0.12   0.23   0.04  -0.03   0.41   0.78   1      0.66   0.55   0.47   0.65   0.17   0.7    0.5    0.4   -0.41  -0.15  -0.41  -0.11  -0.33  -0.54  -0.01   0.03   0.12  -0.15   0.44   0.17   0.14  -0.05  -0.05   0.06   0.07   0.31   0.05   0.06  -0.02   0.6    0.44  -0.24   0.28   0.31   0.26   0.44   0.37   0.06   0.11   0.47   0.34  -0.7   -0.17  -0.21   0.6  
 -0.14  -0.1    0.45   0.49   0.46   0.55   0.55   0.51   0.45   0.12  -0.13   0.69   0.34   0.61   0.58   0.69   0.61  -0.07   0.18   0.57  -0.13   0.58   0.43   0.3    0.27   0.05   0.44   0.52   0.36   0.38   0.27   0.44   0.39   0.8    0.66   1      0.71   0.65   0.81   0.41   0.67   0.59   0.13  -0.05   0.21  -0.18  -0.21  -0.05  -0.39   0.31  -0.17   0.02   0.15   0.5    0.28   0.27  -0.15  -0.09   0.03   0.11   0.13  -0.03   0.26   0.2    0.35   0.51  -0.14   0.04   0.02   0.13   0.5    0.04   0.34  -0.03   0.18   0.06  -0.42  -0.17  -0.22   0.43 
 -0.04  -0.04   0.41   0.24   0.26   0.55   0.57   0.23   0.31   0.21  -0.03   0.52   0.32   0.53   0.32   0.32   0.32  -0.01   0.09   0.37  -0      0.65   0.53   0.09   0.15   0.02   0.46   0.41   0.2    0.48   0.36   0.14   0.16   0.74   0.55   0.71   1      0.65   0.77   0.64   0.79   0.72   0.17  -0.15  -0.07   0.02  -0.23  -0.04  -0.28   0.23  -0.06   0.28   0.07   0.22   0.11  -0.08  -0.04   0.24  -0.26  -0.03  -0.01   0.03  -0.05  -0.13   0.35   0.32  -0.26   0.05   0.26   0.38   0.22   0.19   0.15   0.12   0.25   0.26  -0.31   0.03  -0.15   0.17 
  0.14   0.2    0.72   0.63   0.68   0.28   0.35   0.22   0.33   0.36   0.16   0.45   0.51   0.39   0.7    0.45   0.63   0.24   0.08   0.63   0.11   0.52   0.3    0.58   0.55   0.35   0.43   0.52   0.44   0.24   0.44   0.54   0.1    0.76   0.47   0.65   0.65   1      0.75   0.75   0.79   0.86   0.09   0.21   0.13   0.08  -0.24   0.05  -0.2    0.49  -0.08   0.15   0.3    0.23   0.08   0.1   -0.04   0.08  -0.09   0.08  -0.26   0.01  -0.05  -0.2    0.09   0.09  -0.24  -0.15  -0.09   0.03   0.23  -0.07   0.22  -0.15  -0.04  -0.08  -0.2   -0.19  -0.03   0.06 
 -0.07  -0.03   0.57   0.52   0.49   0.51   0.55   0.37   0.39   0.19  -0.07   0.57   0.42   0.55   0.6    0.5    0.56   0.04   0.15   0.59  -0.04   0.65   0.5    0.34   0.3    0.13   0.48   0.53   0.4    0.42   0.33   0.41   0.32   0.85   0.65   0.81   0.77   0.75   1      0.53   0.75   0.69   0.22  -0.01   0.03  -0.09  -0.18  -0     -0.28   0.4   -0.05   0.14   0.16   0.43   0.3    0.2    0.01   0.06  -0.06   0.06   0.09   0.13   0.06   0.07   0.31   0.38  -0.12   0.09   0.1    0.16   0.43   0.08   0.32   0.04   0.2    0.14  -0.33  -0.18  -0.13   0.32 
  0.23   0.26   0.61   0.4    0.52   0.27   0.31   0.11   0.22   0.32   0.29   0.4    0.53   0.31   0.44   0.21   0.41   0.34   0.13   0.36   0.2    0.49   0.33   0.38   0.51   0.35   0.46   0.43   0.37   0.25   0.48   0.29  -0.28   0.52   0.17   0.41   0.64   0.75   0.53   1      0.67   0.73  -0.04   0.25   0.11   0.36  -0.19   0.23   0.12   0.42  -0.12   0.24   0.21  -0.02  -0.01  -0.15  -0.06   0.36  -0.14   0.04  -0.33   0.08  -0.05  -0.32  -0.02   0     -0.17  -0.18   0.03   0.12  -0.02  -0.06   0.18  -0.07  -0.05  -0.08   0.1   -0.05  -0.06  -0.34 
 -0.06  -0.06   0.48   0.27   0.31   0.49   0.56   0.28   0.27   0.19  -0.06   0.48   0.41   0.52   0.36   0.34   0.31   0.03   0.16   0.39  -0.03   0.59   0.54   0.15   0.11   0.02   0.41   0.39   0.16   0.39   0.33   0.19   0.2    0.8    0.7    0.67   0.79   0.79   0.75   0.67   1      0.83   0.3   -0.2   -0.18   0.02  -0.15  -0.12  -0.38   0.26   0.03   0.32   0.08   0.2    0.04  -0.08  -0.04   0.24  -0.17   0.01  -0.13   0     -0.09  -0.28   0.34   0.27  -0.32  -0.05   0.25   0.27   0.2    0.2    0.13   0.12   0.26   0.24  -0.43  -0.09  -0.12   0.24 
  0.11   0.17   0.62   0.47   0.5    0.32   0.37   0.27   0.33   0.28   0.08   0.42   0.51   0.4    0.53   0.34   0.48   0.21   0.14   0.48   0.05   0.47   0.36   0.42   0.38   0.24   0.37   0.47   0.34   0.21   0.62   0.43   0.12   0.7    0.5    0.59   0.72   0.86   0.69   0.73   0.83   1      0.26   0.11   0.04   0.08  -0.08   0.03  -0.13   0.38   0.04   0.23   0.24   0.14   0.02   0.04   0.03   0.16  -0.14   0.11  -0.28   0.05  -0.05  -0.28   0.1    0.13  -0.25  -0.11   0.06   0.11   0.14   0.02   0.11   0.01   0.03   0.06  -0.28   0.14  -0      0.11 
 -0.2   -0.21   0.09  -0.03  -0.16   0.3    0.25   0.46   0.16  -0.16  -0.3    0.1    0.35   0.27  -0.05  -0.03  -0.14   0.25   0.44  -0.15  -0.15   0.13   0.28  -0.19  -0.36  -0.08   0.09   0.1   -0      0.23   0.19  -0.03   0.19   0.28   0.4    0.13   0.17   0.09   0.22  -0.04   0.3    0.26   1     -0.31  -0.42  -0.15   0.67  -0.19  -0.11  -0.1    0.32   0.09  -0.12  -0.08  -0.09   0.03   0.13  -0.06  -0.16   0.01  -0.14   0.16  -0.2   -0.14   0.07   0.17   0.02   0.14   0.36   0.06  -0.08   0.12  -0.15   0.35   0.13   0.29  -0.34   0.17   0.06   0.34 
  0.23   0.38   0.4    0.54   0.53  -0.2   -0.2   -0.05   0.28   0.15   0.27   0.13   0.25  -0.06   0.5    0.28   0.5    0.37   0.06   0.4    0.12  -0.03  -0.23   0.72   0.69   0.43   0.15   0.33   0.54  -0.18   0.32   0.57  -0.06  -0.15  -0.41  -0.05  -0.15   0.21  -0.01   0.25  -0.2    0.11  -0.31   1      0.68   0.41   0.06   0.56   0.62   0.43   0.05  -0.01   0.62   0.14   0.28   0.39   0.3    0.11   0.18   0.31  -0.13   0.27   0.34   0.27  -0.32  -0.06   0.28  -0.12  -0.4   -0.34   0.14  -0.36   0.36  -0.14  -0.42  -0.33   0.45   0.11   0.25  -0.25 
  0.14   0.26   0.21   0.42   0.44  -0.07  -0.1    0.17   0.3    0.14   0.19   0.27   0.03   0.03   0.45   0.49   0.54   0.01  -0.02   0.42   0.05  -0.04  -0.2    0.58   0.55   0.23   0.08   0.28   0.38  -0.2    0.17   0.5    0.07  -0.06  -0.15   0.21  -0.07   0.13   0.03   0.11  -0.18   0.04  -0.42   0.68   1      0.12  -0.17   0.35   0.3    0.3   -0.16  -0.15   0.48   0.43   0.41   0.58   0.13  -0.13   0.35   0.33   0.23   0.1    0.63   0.49  -0.08   0.22   0.28  -0.05  -0.39  -0.25   0.43  -0.29   0.43  -0.2   -0.26  -0.32   0.18   0.02  -0.08   0.02 
  0.33   0.37   0.36   0.18   0.16   0.04   0.06  -0.18   0.27   0.23   0.36   0.05   0.42   0.14   0.09  -0.15   0.04   0.45   0.3    0.05   0.33   0.17   0.22   0.29   0.33   0.36   0.29   0.31   0.3    0.2    0.26   0.16  -0.32  -0.2   -0.41  -0.18   0.02   0.08  -0.09   0.36   0.02   0.08  -0.15   0.41   0.12   1      0.17   0.49   0.49   0.17   0.06   0.32   0.38  -0.22   0.07  -0.08   0.13   0.55  -0.03   0.12  -0.27   0.26   0.11  -0.06  -0.19  -0.14   0.31  -0.12   0.04   0.03  -0.22  -0.07   0.28   0.07  -0.17  -0.04   0.61   0.13   0.22  -0.47 
 -0.07  -0.03   0.07  -0.02  -0.16   0.13   0.02   0.33   0.19  -0.21  -0.16   0.04   0.43   0.14  -0.14  -0.07  -0.17   0.55   0.56  -0.26  -0.07  -0.11   0.12  -0.05  -0.16   0.11   0.04   0.14   0.18   0.07   0.19   0.02  -0.05  -0.19  -0.11  -0.21  -0.23  -0.24  -0.18  -0.19  -0.15  -0.08   0.67   0.06  -0.17   0.17   1      0.2    0.29   0.01   0.3    0.01   0.11  -0.2   -0      0.1    0.18  -0.04  -0.1    0.05  -0.17   0.38   0.03   0.04  -0.19   0.11   0.4    0.09   0.2   -0.16  -0.2   -0.09   0.04   0.31  -0.12   0.06   0.15   0.27   0.2    0.05 
  0.2    0.29   0.38   0.36   0.33   0.04   0.03  -0.03   0.27   0.09   0.23   0.2    0.35   0.11   0.26   0.11   0.3    0.44   0.2    0.22   0.15   0.15   0.09   0.4    0.49   0.39   0.3    0.4    0.52   0.07   0.29   0.34  -0.15  -0.09  -0.33  -0.05  -0.04   0.05  -0      0.23  -0.12   0.03  -0.19   0.56   0.35   0.49   0.2    1      0.43   0.35  -0.13   0.01   0.45   0.08   0.29   0.19   0.05   0.19   0.18   0.27  -0.06   0.38   0.29   0.27  -0.18   0.04   0.42  -0.01  -0.06  -0.07   0.08  -0.21   0.46  -0.08  -0.16  -0.13   0.57   0.08   0.18  -0.3  
  0.21   0.31   0.11   0.1    0.07  -0.15  -0.22  -0.13   0.18   0      0.22  -0.1    0.12  -0.12   0.03  -0.19  -0.03   0.31   0.18   0.01   0.16  -0.13  -0.15   0.32   0.3    0.24   0.05   0.1    0.25  -0.08   0.29   0.14  -0.23  -0.4   -0.54  -0.39  -0.28  -0.2   -0.28   0.12  -0.38  -0.13  -0.11   0.62   0.3    0.49   0.29   0.43   1      0.1    0.31   0.05   0.22  -0.14   0.19   0.17   0.47   0.27  -0.03   0.1   -0.08   0.42   0.1    0.09  -0.3   -0.16   0.31   0.01  -0.12  -0.23  -0.14  -0.29   0.03   0.16  -0.28  -0.06   0.5    0.34   0.22  -0.39 
  0.1    0.21   0.59   0.57   0.67   0.06   0.02   0.19   0.22   0.16   0.14   0.27   0.52   0.15   0.55   0.43   0.58   0.49   0.05   0.4    0.04   0.22   0.05   0.56   0.63   0.44   0.24   0.38   0.58  -0.02   0.37   0.52  -0.06   0.34  -0.01   0.31   0.23   0.49   0.4    0.42   0.26   0.38  -0.1    0.43   0.3    0.17   0.01   0.35   0.1    1     -0.09  -0.07   0.48   0.29   0.33   0.12  -0.01   0.05   0.05   0.14  -0.11   0.28   0.24   0.14  -0.12   0.13   0.18  -0.08  -0.24  -0.25   0.29  -0.26   0.44  -0.18  -0.24  -0.3    0.21  -0.1    0.07  -0.16 
 -0.17  -0.15  -0.1   -0.16  -0.19   0     -0.02   0.05   0.07  -0.21  -0.23  -0.08  -0.02   0.01  -0.11  -0.08  -0.2   -0.06   0.17  -0.08  -0.17  -0.12   0.01  -0     -0.2   -0.23  -0.1   -0.09  -0.11  -0.03   0.02  -0.06   0.23  -0.13   0.03  -0.17  -0.06  -0.08  -0.05  -0.12   0.03   0.04   0.32   0.05  -0.16   0.06   0.3   -0.13   0.31  -0.09   1      0.27   0.07   0.05   0.2    0.03   0.81   0.25  -0.13   0.04   0.1    0.19  -0.05  -0.05   0.04   0.04  -0.15   0.02   0.11  -0      0.05   0.03  -0.13   0.59   0.05   0.56  -0.16   0.24   0.11   0.21 
 -0.03  -0.06   0.02  -0.14  -0.11   0.16   0.18  -0.05   0.04   0.04  -0.03   0.09   0.04   0.15  -0.1   -0.02  -0.13  -0.05   0.05   0      0.01   0.2    0.26  -0.07  -0.14  -0.17   0.11   0.02  -0.14   0.16   0.03  -0.17   0.03   0.05   0.12   0.02   0.28   0.15   0.14   0.24   0.32   0.23   0.09  -0.01  -0.15   0.32   0.01   0.01   0.05  -0.07   0.27   1      0.14  -0.01  -0.02  -0.13   0.23   0.52  -0.13   0.02   0      0.13  -0.04  -0.18   0.27   0.17  -0.13   0.08   0.34   0.38  -0.01   0.34   0.01   0.32   0.22   0.4   -0.13   0.07   0.07   0.04 
  0.16   0.27   0.41   0.48   0.56  -0.03  -0.04   0.16   0.25   0.16   0.14   0.22   0.35   0.14   0.44   0.36   0.5    0.33   0.12   0.4    0.08   0.11  -0.02   0.55   0.55   0.38   0.19   0.42   0.47  -0.11   0.25   0.54   0.08   0     -0.15   0.15   0.07   0.3    0.16   0.21   0.08   0.24  -0.12   0.62   0.48   0.38   0.11   0.45   0.22   0.48   0.07   0.14   1      0.29   0.29   0.36   0.18   0.15   0.14   0.3   -0.11   0.17   0.27   0.28  -0.17   0.17   0.27  -0.13  -0.21  -0.13   0.29  -0.23   0.4   -0.02  -0.22  -0.13   0.25   0.04   0.15   0.02 
 -0.33  -0.26   0.13   0.26   0.26   0.3    0.26   0.39   0.3   -0.16  -0.32   0.41  -0.06   0.32   0.33   0.57   0.43  -0.32  -0.07   0.49  -0.33   0.32   0.16   0.25   0.15  -0.22   0.11   0.26   0.21   0.11  -0.03   0.28   0.48   0.37   0.44   0.5    0.22   0.23   0.43  -0.02   0.2    0.14  -0.08   0.14   0.43  -0.22  -0.2    0.08  -0.14   0.29   0.05  -0.01   0.29   1      0.71   0.59   0.21  -0.04   0.21   0.2    0.62   0.31   0.5    0.59   0.55   0.67   0.08   0.33  -0.01   0.1    1      0.08   0.42   0.12   0.22   0.19  -0.34  -0.14  -0.14   0.56 
 -0.23  -0.13   0.2    0.27   0.21   0.29   0.2    0.24   0.36  -0.16  -0.22   0.33   0.09   0.28   0.28   0.37   0.34  -0.08   0.09   0.41  -0.23   0.26   0.18   0.31   0.24  -0.05   0.19   0.33   0.33   0.16   0.06   0.26   0.31   0.2    0.17   0.28   0.11   0.08   0.3   -0.01   0.04   0.02  -0.09   0.28   0.41   0.07  -0      0.29   0.19   0.33   0.2   -0.02   0.29   0.71   1      0.52   0.38   0.07   0.16   0.18   0.62   0.55   0.57   0.61   0.35   0.53   0.35   0.33   0      0.02   0.71   0      0.54   0.21   0.15   0.2    0.02   0.02  -0.07   0.3  
 -0.09   0.01   0.18   0.4    0.31   0.11   0.09   0.33   0.34  -0.09  -0.09   0.28   0.09   0.17   0.41   0.44   0.44  -0.03   0.13   0.38  -0.14   0.02  -0.01   0.4    0.26   0.07   0.11   0.29   0.35  -0.07   0.11   0.44   0.33   0.11   0.14   0.27  -0.08   0.1    0.2   -0.15  -0.08   0.04   0.03   0.39   0.58  -0.08   0.1    0.19   0.17   0.12   0.03  -0.13   0.36   0.59   0.52   1      0.22  -0.26   0.33   0.3    0.37   0.31   0.55   0.58   0.06   0.37   0.33   0.2   -0.16  -0.19   0.59  -0.15   0.35   0.02  -0.09  -0.06  -0.02   0.02  -0.15   0.35 
  0.04   0.08  -0.02  -0.06  -0.08  -0.02  -0.04  -0.03   0.12  -0.03  -0     -0.04  -0.11  -0.01  -0.01  -0.05  -0.09  -0.12   0.08   0.1    0.03  -0.06  -0      0.15   0     -0.07  -0.04   0.02   0.01  -0.04   0.05   0.02   0.21  -0.11  -0.05  -0.15  -0.04  -0.04   0.01  -0.06  -0.04   0.03   0.13   0.3    0.13   0.13   0.18   0.05   0.47  -0.01   0.81   0.23   0.18   0.21   0.38   0.22   1      0.24  -0.13   0.07   0.21   0.31   0.05   0.08   0.09   0.08   0.11   0.1    0.03  -0.04   0.21  -0.02  -0.02   0.5    0.01   0.44  -0.04   0.27   0.15   0.22 
  0.08   0.04   0.06  -0.14  -0.09   0.08   0.13  -0.21   0.01   0.06   0.11   0.02   0.1    0.08  -0.12  -0.11  -0.16   0.05   0.01  -0.06   0.1    0.19   0.22  -0.03  -0.02  -0.09   0.11   0.03  -0.09   0.14   0.06  -0.2   -0.17  -0.01  -0.05  -0.09   0.24   0.08   0.06   0.36   0.24   0.16  -0.06   0.11  -0.13   0.55  -0.04   0.19   0.27   0.05   0.25   0.52   0.15  -0.04   0.07  -0.26   0.24   1     -0.06   0.08   0.01   0.32  -0.02  -0.18   0.29   0.03  -0.05   0.14   0.36   0.38  -0.04   0.34   0.12   0.28   0.23   0.4    0.13   0.05   0.2   -0.25 
 -0.02  -0.02  -0.03   0.15   0.15  -0.31  -0.22   0.08  -0.1   -0.09   0.01  -0.11  -0.01  -0.28   0.19   0.22   0.2   -0.05  -0.17  -0.03  -0.1   -0.25  -0.27   0.15   0.08  -0.02  -0.22  -0.12   0     -0.39  -0.08   0.18   0.02  -0.05   0.06   0.03  -0.26  -0.09  -0.06  -0.14  -0.17  -0.14  -0.16   0.18   0.35  -0.03  -0.1    0.18  -0.03   0.05  -0.13  -0.13   0.14   0.21   0.16   0.33  -0.13  -0.06   1      0.6    0.28   0.04   0.47   0.36  -0.02  -0.06   0.2    0.05  -0.05  -0.05   0.21   0.1    0.26  -0.2    0.12  -0.12   0.08  -0.26  -0.14   0.01 
 -0.01   0.03   0.14   0.2    0.21  -0.13  -0.1    0.15   0.09  -0.04  -0      0.04   0.13  -0.07   0.21   0.23   0.22   0.06  -0.03   0.12  -0.09  -0.09  -0.13   0.26   0.18   0.03  -0.06   0.1    0.14  -0.23   0.15   0.26   0.13   0.05   0.07   0.11  -0.03   0.08   0.06   0.04   0.01   0.11   0.01   0.31   0.33   0.12   0.05   0.27   0.1    0.14   0.04   0.02   0.3    0.2    0.18   0.3    0.07   0.08   0.6    1      0.12   0.16   0.37   0.22  -0.01   0.05   0.16   0.01   0.06   0.01   0.2    0.01   0.29  -0      0.07   0      0.02  -0.01   0.03   0.09 
 -0.4   -0.39  -0.26  -0.2   -0.26   0.15   0.14   0.11   0.05  -0.34  -0.39   0.11  -0.37   0.07  -0.11   0.21  -0.06  -0.51  -0.16   0.1   -0.37   0.05   0.06  -0.13  -0.25  -0.48  -0.11  -0.07  -0.18   0.02  -0.29  -0.21   0.34   0.07   0.31   0.13  -0.01  -0.26   0.09  -0.33  -0.13  -0.28  -0.14  -0.13   0.23  -0.27  -0.17  -0.06  -0.08  -0.11   0.1    0     -0.11   0.62   0.62   0.37   0.21   0.01   0.28   0.12   1      0.35   0.55   0.51   0.59   0.49   0.19   0.52   0.2    0.22   0.62   0.36   0.28   0.26   0.44   0.33  -0.21  -0.11  -0.22   0.44 
 -0.14  -0.07   0.21   0.12   0.02   0.17   0.08   0.07   0.25  -0.19  -0.14   0.11   0.23   0.14   0.09   0.09   0.05   0.23   0.14   0.08  -0.15   0.12   0.16   0.2    0.13  -0.01   0.11   0.24   0.25   0.11   0.14   0.06   0.02   0.11   0.05  -0.03   0.03   0.01   0.13   0.08   0      0.05   0.16   0.27   0.1    0.26   0.38   0.38   0.42   0.28   0.19   0.13   0.17   0.31   0.55   0.31   0.31   0.32   0.04   0.16   0.35   1      0.29   0.27   0.33   0.29   0.41   0.46   0.24   0.08   0.31   0.14   0.37   0.31   0.1    0.17   0.2    0.1    0.21   0    
 -0.21  -0.11   0.06   0.17   0.14   0.11   0.08   0.24   0.27  -0.2   -0.16   0.32   0.07   0.15   0.21   0.5    0.3   -0.04   0.11   0.23  -0.25  -0.03   0      0.28   0.18  -0.1    0.02   0.2    0.18  -0.1    0.01   0.23   0.2   -0      0.06   0.26  -0.05  -0.05   0.06  -0.05  -0.09  -0.05  -0.2    0.34   0.63   0.11   0.03   0.29   0.1    0.24  -0.05  -0.04   0.27   0.5    0.57   0.55   0.05  -0.02   0.47   0.37   0.55   0.29   1      0.55   0.17   0.41   0.34   0.13  -0.06  -0.07   0.5    0.07   0.52   0.03   0.05  -0.06   0.1   -0.02  -0.11   0.2  
 -0.16  -0.08   0.04   0.31   0.18   0.21   0.16   0.33   0.4   -0.11  -0.17   0.32  -0.06   0.25   0.27   0.42   0.37  -0.15   0.09   0.25  -0.15   0.14   0.12   0.2    0.14  -0      0.17   0.25   0.37   0.14  -0      0.33   0.32  -0.08  -0.02   0.2   -0.13  -0.2    0.07  -0.32  -0.28  -0.28  -0.14   0.27   0.49  -0.06   0.04   0.27   0.09   0.14  -0.05  -0.18   0.28   0.59   0.61   0.58   0.08  -0.18   0.36   0.22   0.51   0.27   0.55   1      0.19   0.54   0.39   0.19  -0.11  -0.07   0.59  -0.09   0.45   0.08   0.02   0.02   0.08   0.02  -0.14   0.33 
 -0.4   -0.43  -0.18  -0.23  -0.29   0.36   0.36   0.14   0.08  -0.22  -0.4    0.25  -0.28   0.28  -0.13   0.22  -0.1   -0.5   -0.15   0.11  -0.32   0.33   0.32  -0.24  -0.37  -0.54   0.01  -0.01  -0.28   0.28  -0.22  -0.32   0.32   0.38   0.6    0.35   0.35   0.09   0.31  -0.02   0.34   0.1    0.07  -0.32  -0.08  -0.19  -0.19  -0.18  -0.3   -0.12   0.04   0.27  -0.17   0.55   0.35   0.06   0.09   0.29  -0.02  -0.01   0.59   0.33   0.17   0.19   1      0.58  -0.12   0.47   0.46   0.51   0.55   0.57   0.16   0.29   0.61   0.5   -0.52  -0.12  -0.07   0.5  
 -0.43  -0.37   0.05   0.11   0.04   0.61   0.52   0.6    0.44  -0.24  -0.45   0.63   0.03   0.59   0.15   0.55   0.26  -0.25   0.21   0.32  -0.37   0.46   0.44   0     -0.1   -0.29   0.29   0.33   0.19   0.41   0.03   0.11   0.44   0.31   0.44   0.51   0.32   0.09   0.38   0      0.27   0.13   0.17  -0.06   0.22  -0.14   0.11   0.04  -0.16   0.13   0.04   0.17   0.17   0.67   0.53   0.37   0.08   0.03  -0.06   0.05   0.49   0.29   0.41   0.54   0.58   1      0.11   0.29   0.24   0.25   0.67   0.18   0.43   0.36   0.3    0.32  -0.41   0.04  -0.2    0.62 
  0.32   0.38   0.18   0.2    0.08  -0     -0.03   0.07   0.16   0.12   0.27  -0.01   0.26   0.04   0.08  -0.11   0.09   0.37   0.29   0.04   0.31  -0.04   0.03   0.17   0.18   0.45   0.15   0.25   0.34  -0      0.15   0.17  -0.15  -0.2   -0.24  -0.14  -0.26  -0.24  -0.12  -0.17  -0.32  -0.25   0.02   0.28   0.28   0.31   0.4    0.42   0.31   0.18  -0.15  -0.13   0.27   0.08   0.35   0.33   0.11  -0.05   0.2    0.16   0.19   0.41   0.34   0.39  -0.12   0.11   1      0.3   -0.03  -0.21   0.08  -0.02   0.35  -0.04  -0.12  -0.18   0.51   0.12  -0.03  -0.12 
 -0.2   -0.2   -0.08  -0.14  -0.26   0.14   0.13   0.04   0.07  -0.2   -0.21  -0.01  -0.1    0.06  -0.14  -0.04  -0.12  -0.13  -0.04   0.02  -0.16   0.11   0.1   -0.13  -0.24  -0.25   0.01   0.02  -0.11   0.08  -0.05  -0.22   0.16   0.15   0.28   0.04   0.05  -0.15   0.09  -0.18  -0.05  -0.11   0.14  -0.12  -0.05  -0.12   0.09  -0.01   0.01  -0.08   0.02   0.08  -0.13   0.33   0.33   0.2    0.1    0.14   0.05   0.01   0.52   0.46   0.13   0.19   0.47   0.29   0.3    1      0.31   0.23   0.33   0.49   0.06   0.22   0.33   0.27  -0.12  -0.01   0.07   0.21 
 -0.25  -0.32  -0.17  -0.35  -0.4    0.29   0.29   0.07  -0.05  -0.19  -0.28   0.11  -0.04   0.18  -0.32  -0.11  -0.34  -0.13   0.11  -0.19  -0.18   0.15   0.29  -0.39  -0.45  -0.37   0.08  -0.04  -0.28   0.23  -0.12  -0.42   0.07   0.16   0.31   0.02   0.26  -0.09   0.1    0.03   0.25   0.06   0.36  -0.4   -0.39   0.04   0.2   -0.06  -0.12  -0.24   0.11   0.34  -0.21  -0.01   0     -0.16   0.03   0.36  -0.05   0.06   0.2    0.24  -0.06  -0.11   0.46   0.24  -0.03   0.31   1      0.61  -0.01   0.5    0.05   0.42   0.66   0.63  -0.25   0.03   0.01   0.2  
 -0.16  -0.24  -0.14  -0.29  -0.27   0.24   0.28   0.01  -0.07  -0.07  -0.15   0.12  -0.16   0.15  -0.23  -0.03  -0.19  -0.3   -0.12  -0.08  -0.1    0.25   0.3   -0.3   -0.31  -0.35   0.08  -0.05  -0.26   0.22  -0.15  -0.36   0.02   0.17   0.26   0.13   0.38   0.03   0.16   0.12   0.27   0.11   0.06  -0.34  -0.25   0.03  -0.16  -0.07  -0.23  -0.25  -0      0.38  -0.13   0.1    0.02  -0.19  -0.04   0.38  -0.05   0.01   0.22   0.08  -0.07  -0.07   0.51   0.25  -0.21   0.23   0.61   1      0.1    0.5    0.03   0.29   0.58   0.52  -0.27  -0.02  -0.1    0.15 
 -0.33  -0.26   0.13   0.26   0.26   0.3    0.26   0.39   0.3   -0.16  -0.32   0.41  -0.06   0.32   0.33   0.57   0.43  -0.32  -0.07   0.49  -0.33   0.32   0.16   0.25   0.15  -0.22   0.11   0.26   0.21   0.11  -0.03   0.28   0.48   0.37   0.44   0.5    0.22   0.23   0.43  -0.02   0.2    0.14  -0.08   0.14   0.43  -0.22  -0.2    0.08  -0.14   0.29   0.05  -0.01   0.29   1      0.71   0.59   0.21  -0.04   0.21   0.2    0.62   0.31   0.5    0.59   0.55   0.67   0.08   0.33  -0.01   0.1    1      0.08   0.42   0.12   0.22   0.19  -0.34  -0.14  -0.14   0.56 
 -0.22  -0.3   -0.25  -0.36  -0.41   0.05   0.15  -0.06  -0.17  -0.17  -0.22  -0.08  -0.22  -0.02  -0.28  -0.08  -0.29  -0.29  -0.15  -0.18  -0.18   0.03   0.16  -0.33  -0.47  -0.43  -0.13  -0.2   -0.43   0.03  -0.2   -0.46   0.05   0.13   0.37   0.04   0.19  -0.07   0.08  -0.06   0.2    0.02   0.12  -0.36  -0.29  -0.07  -0.09  -0.21  -0.29  -0.26   0.03   0.34  -0.23   0.08   0     -0.15  -0.02   0.34   0.1    0.01   0.36   0.14   0.07  -0.09   0.57   0.18  -0.02   0.49   0.5    0.5    0.08   1     -0.04   0.24   0.55   0.42  -0.3   -0.08  -0.04   0.21 
 -0.05   0.04   0.45   0.47   0.4    0.25   0.28   0.24   0.41   0.04  -0.01   0.46   0.38   0.34   0.45   0.47   0.51   0.21   0.19   0.41  -0.06   0.33   0.26   0.47   0.46   0.21   0.36   0.51   0.52   0.22   0.13   0.43   0.15   0.22   0.06   0.34   0.15   0.22   0.32   0.18   0.13   0.11  -0.15   0.36   0.43   0.28   0.04   0.46   0.03   0.44  -0.13   0.01   0.4    0.42   0.54   0.35  -0.02   0.12   0.26   0.29   0.28   0.37   0.52   0.45   0.16   0.43   0.35   0.06   0.05   0.03   0.42  -0.04   1      0.03   0.09  -0.01   0.25  -0.23  -0.01   0.07 
 -0.23  -0.23  -0.13  -0.21  -0.29   0.32   0.28   0.18   0.22  -0.19  -0.28   0.16  -0.07   0.27  -0.18   0.01  -0.22  -0.18   0.2   -0.09  -0.16   0.16   0.32  -0.19  -0.31  -0.3    0.09   0.04  -0.1    0.27  -0.05  -0.18   0.33  -0.05   0.11  -0.03   0.12  -0.15   0.04  -0.07   0.12   0.01   0.35  -0.14  -0.2    0.07   0.31  -0.08   0.16  -0.18   0.59   0.32  -0.02   0.12   0.21   0.02   0.5    0.28  -0.2   -0      0.26   0.31   0.03   0.08   0.29   0.36  -0.04   0.22   0.42   0.29   0.12   0.24   0.03   1      0.28   0.61  -0.22   0.2   -0.02   0.32 
 -0.32  -0.39  -0.23  -0.29  -0.32   0.25   0.3    0.07  -0.11  -0.2   -0.32   0.11  -0.21   0.15  -0.19   0.04  -0.19  -0.37  -0.07  -0.01  -0.26   0.19   0.26  -0.33  -0.41  -0.46   0     -0.07  -0.34   0.16  -0.26  -0.38   0.24   0.28   0.47   0.18   0.25  -0.04   0.2   -0.05   0.26   0.03   0.13  -0.42  -0.26  -0.17  -0.12  -0.16  -0.28  -0.24   0.05   0.22  -0.22   0.22   0.15  -0.09   0.01   0.23   0.12   0.07   0.44   0.1    0.05   0.02   0.61   0.3   -0.12   0.33   0.66   0.58   0.22   0.55   0.09   0.28   1      0.56  -0.42  -0.15  -0.09   0.37 
 -0.27  -0.32  -0.21  -0.3   -0.38   0.32   0.33   0.06   0.05  -0.19  -0.31   0.12  -0.18   0.23  -0.23  -0.04  -0.26  -0.35   0.06  -0.08  -0.19   0.21   0.31  -0.31  -0.44  -0.44   0.05  -0.05  -0.26   0.27  -0.15  -0.33   0.28   0.11   0.34   0.06   0.26  -0.08   0.14  -0.08   0.24   0.06   0.29  -0.33  -0.32  -0.04   0.06  -0.13  -0.06  -0.3    0.56   0.4   -0.13   0.19   0.2   -0.06   0.44   0.4   -0.12   0      0.33   0.17  -0.06   0.02   0.5    0.32  -0.18   0.27   0.63   0.52   0.19   0.42  -0.01   0.61   0.56   1     -0.36   0.1   -0.01   0.36 
  0.48   0.52   0.26   0.21   0.19  -0.24  -0.21  -0.38   0.04   0.23   0.53  -0.18   0.32  -0.2    0.06  -0.29   0.05   0.58   0.15  -0.1    0.45  -0.11  -0.1    0.25   0.44   0.58   0.17   0.16   0.38  -0.03   0.17   0.15  -0.54  -0.41  -0.7   -0.42  -0.31  -0.2   -0.33   0.1   -0.43  -0.28  -0.34   0.45   0.18   0.61   0.15   0.57   0.5    0.21  -0.16  -0.13   0.25  -0.34   0.02  -0.02  -0.04   0.13   0.08   0.02  -0.21   0.2    0.1    0.08  -0.52  -0.41   0.51  -0.12  -0.25  -0.27  -0.34  -0.3    0.25  -0.22  -0.42  -0.36   1      0.05   0.13  -0.75 
  0.09   0.17  -0.04  -0.11  -0.16   0.09   0.01   0.03   0.17  -0.03  -0     -0.02   0      0.07  -0.19  -0.23  -0.12   0.02   0.14  -0.08   0.04  -0.06   0.06  -0.07  -0.08   0.03   0.03   0.06   0.09   0.01   0.52   0.01   0.05  -0.23  -0.17  -0.17   0.03  -0.19  -0.18  -0.05  -0.09   0.14   0.17   0.11   0.02   0.13   0.27   0.08   0.34  -0.1    0.24   0.07   0.04  -0.14   0.02   0.02   0.27   0.05  -0.26  -0.01  -0.11   0.1   -0.02   0.02  -0.12   0.04   0.12  -0.01   0.03  -0.02  -0.14  -0.08  -0.23   0.2   -0.15   0.1    0.05   1     -0      0.03 
  0.01   0.03   0.07   0.07  -0.01  -0.13  -0.19  -0.19   0.08   0     -0.01  -0.18   0.04  -0.11   0.01  -0.12  -0.04   0.2   -0.03   0.07  -0     -0.02  -0.12   0.15   0.13   0.01  -0.08   0.07   0.04  -0.04   0.02   0.09   0.08  -0.08  -0.21  -0.22  -0.15  -0.03  -0.13  -0.06  -0.12  -0      0.06   0.25  -0.08   0.22   0.2    0.18   0.22   0.07   0.11   0.07   0.15  -0.14  -0.07  -0.15   0.15   0.2   -0.14   0.03  -0.22   0.21  -0.11  -0.14  -0.07  -0.2   -0.03   0.07   0.01  -0.1   -0.14  -0.04  -0.01  -0.02  -0.09  -0.01   0.13  -0      1      0.03 
 -0.51  -0.48  -0.15  -0.02  -0.11   0.35   0.32   0.49   0.24  -0.29  -0.59   0.32  -0.26   0.36   0.07   0.4    0.08  -0.54   0.04   0.29  -0.48   0.18   0.2   -0.09  -0.31  -0.47  -0.02   0.11  -0.12   0.16  -0.14   0.08   0.77   0.32   0.6    0.43   0.17   0.06   0.32  -0.34   0.24   0.11   0.34  -0.25   0.02  -0.47   0.05  -0.3   -0.39  -0.16   0.21   0.04   0.02   0.56   0.3    0.35   0.22  -0.25   0.01   0.09   0.44   0      0.2    0.33   0.5    0.62  -0.12   0.21   0.2    0.15   0.56   0.21   0.07   0.32   0.37   0.36  -0.75   0.03   0.03   1    


eigenvalue	proportion	cumulative
 19.5231 	  0.24404	  0.24404	0.196NR1_N+0.196BDNF_N+0.195MEK_N+0.193TRKA_N+0.193pNR2B_N...
 13.69415	  0.17118	  0.41522	0.211SNCA_N+0.203P38_N+0.202Behavior=S/C-0.202CaNA_N-0.191ITSN1_N...
  8.06776	  0.10085	  0.51606	0.24 PSD95_N+0.232pCASP9_N+0.228P70S6_N+0.227nNOS_N+0.204ARC_N...
  6.01272	  0.07516	  0.59122	-0.258pPKCG_N-0.237S6_N-0.229P3525_N-0.221H3AcK18_N-0.217pGSK3B_N...
  4.06148	  0.05077	  0.64199	0.329GFAP_N-0.235pPKCG_N-0.226pRSK_N-0.222pP70S6_N+0.22 BCL2_N...
  3.62447	  0.04531	  0.6873 	0.299AcetylH3K9_N+0.225pP70S6_N+0.222TIAM1_N-0.21BRAF_N+0.205Tau_N...
  2.93454	  0.03668	  0.72398	-0.35Tau_N-0.265AcetylH3K9_N+0.259pPKCAB_N+0.232PKCA_N-0.223SOD1_N...
  2.38277	  0.02978	  0.75376	-0.267pP70S6_N-0.265DYRK1A_N-0.264pGSK3B_Tyr216_N-0.246BRAF_N-0.236ITSN1_N...
  1.8303 	  0.02288	  0.77664	0.343SHH_N-0.302GluR4_N+0.289P3525_N-0.256GluR3_N+0.241Treatment=Saline...
  1.636  	  0.02045	  0.79709	-0.386Genotype=Ts65Dn+0.383Treatment=Saline-0.273APP_N+0.245SOD1_N-0.209pNUMB_N...
  1.36151	  0.01702	  0.81411	0.408Genotype=Ts65Dn+0.345APP_N-0.267AcetylH3K9_N+0.256Treatment=Saline+0.218GluR4_N...
  1.15111	  0.01439	  0.8285 	-0.339BAX_N-0.299Treatment=Saline+0.294GluR3_N-0.275Ubiquitin_N-0.226RRP1_N...
  1.00119	  0.01251	  0.84101	0.294pRSK_N-0.275BCL2_N+0.249pCASP9_N-0.243Genotype=Ts65Dn-0.232PSD95_N...
  0.83285	  0.01041	  0.85142	0.309BAD_N-0.297pCREB_N+0.282EGR1_N+0.257AKT_N-0.232CREB_N...
  0.82703	  0.01034	  0.86176	0.306BAX_N-0.303pCAMKII_N-0.281S6_N-0.257pNR2A_N+0.248pGSK3B_Tyr216_N...
  0.74925	  0.00937	  0.87113	-0.41RRP1_N+0.36 Treatment=Saline-0.307pCFOS_N+0.255GluR4_N-0.243SHH_N...
  0.68985	  0.00862	  0.87975	0.307pCFOS_N-0.286nNOS_N+0.27 pCASP9_N-0.251GluR4_N+0.248SYP_N...
  0.59203	  0.0074 	  0.88715	-0.322nNOS_N+0.279GFAP_N+0.263ADARB1_N+0.223pRSK_N-0.218SYP_N...
  0.50453	  0.00631	  0.89346	-0.385GluR4_N-0.379H3AcK18_N-0.227SOD1_N+0.21 BCL2_N-0.207ADARB1_N...
  0.48933	  0.00612	  0.89957	0.322DSCR1_N+0.254H3MeK4_N+0.236Treatment=Saline+0.236pMTOR_N+0.225CDK5_N...
  0.4555 	  0.00569	  0.90527	-0.477RRP1_N+0.343SHH_N+0.295H3AcK18_N+0.279BAX_N+0.227BCL2_N...
  0.43245	  0.00541	  0.91067	-0.376CDK5_N+0.287pGSK3B_Tyr216_N+0.257pGSK3B_N+0.252DSCR1_N+0.219S6_N...
  0.42043	  0.00526	  0.91593	0.355RRP1_N-0.323pCFOS_N-0.288CDK5_N+0.226BAD_N+0.212pCASP9_N...
  0.40176	  0.00502	  0.92095	0.385GFAP_N-0.339RRP1_N+0.297P3525_N-0.209CDK5_N-0.204pCAMKII_N...
  0.37421	  0.00468	  0.92563	-0.372CDK5_N+0.362GluR4_N-0.29SOD1_N-0.277EGR1_N+0.254SYP_N...
  0.34962	  0.00437	  0.93   	-0.39BCL2_N-0.25Treatment=Saline+0.241EGR1_N-0.229P3525_N+0.214BAD_N...
  0.33566	  0.0042 	  0.9342 	0.344SYP_N+0.285GFAP_N+0.245SOD1_N+0.24 pMTOR_N-0.231pCASP9_N...
  0.31777	  0.00397	  0.93817	0.348SYP_N-0.336BCL2_N+0.272H3MeK4_N-0.256EGR1_N+0.229Treatment=Saline...
  0.30431	  0.0038 	  0.94197	-0.322CDK5_N+0.316CREB_N-0.238pELK_N+0.237nNOS_N+0.212pBRAF_N...
  0.26312	  0.00329	  0.94526	0.332BAX_N-0.293BAD_N-0.292ADARB1_N-0.269pCFOS_N+0.245P3525_N...
  0.25584	  0.0032 	  0.94846	-0.334pELK_N-0.282pP70S6_N+0.262GluR4_N-0.26GluR3_N-0.253BCL2_N...
  0.24416	  0.00305	  0.95151	-0.295SYP_N+0.266BAD_N-0.248nNOS_N-0.22EGR1_N+0.214pCREB_N...

Eigenvectors
 V1	 V2	 V3	 V4	 V5	 V6	 V7	 V8	 V9	 V10	 V11	 V12	 V13	 V14	 V15	 V16	 V17	 V18	 V19	 V20	 V21	 V22	 V23	 V24	 V25	 V26	 V27	 V28	 V29	 V30	 V31	 V32	
 0.0497	-0.1822	-0.1083	-0.0124	 0.0906	-0.1527	-0.1523	-0.2648	-0.0474	-0.0032	-0.0408	-0.0851	 0.0121	 0.0135	-0.0221	 0.0929	 0.0029	 0.0106	 0.0144	 0.0027	-0.0046	-0.0524	 0.0184	 0.022 	-0.0373	-0.0393	 0.0624	 0.0216	 0.05  	-0.0025	 0.0633	-0.0067	DYRK1A_N
 0.0785	-0.1912	-0.0745	-0.0303	 0.0709	-0.1213	-0.1624	-0.2361	-0.0271	-0.0413	 0.0089	-0.0779	 0.0042	 0.0131	-0.0138	 0.0831	 0.0524	-0.0127	 0.021 	-0.0225	-0.0183	-0.0579	-0.0034	 0.0064	-0.0435	 0.0079	 0.0353	 0.0019	 0.0075	 0.0166	 0.0478	-0.0225	ITSN1_N
 0.1959	-0.0613	-0.0689	-0.0031	 0.0202	 0.0506	 0.0524	-0.0322	 0.099 	 0.0467	 0.0157	 0.0808	-0.0215	-0.0956	 0.0262	-0.0277	 0.019 	-0.0316	 0.0597	-0.127 	 0.0945	-0.0948	-0.0162	-0.1379	 0.0229	-0.0097	 0.0009	-0.0436	 0.1136	-0.09  	-0.0375	 0.1064	BDNF_N
 0.1964	-0.0725	 0.0448	 0.0618	-0.0402	 0.0239	-0.0052	-0.0284	 0.0722	 0.139 	 0.032 	 0.0721	-0.0881	-0.068 	-0.0884	-0.1379	-0.0146	-0.0117	 0.0337	 0.0352	-0.1182	 0.0789	-0.0182	 0.0989	 0.0417	-0.0024	-0.0194	 0.0558	-0.0841	 0.011 	 0.0133	-0.0097	NR1_N
 0.1818	-0.0906	 0.0393	 0.1238	 0.0185	 0.0548	 0.0007	 0.0189	-0.004 	 0.0497	-0.0824	-0.0047	-0.1337	 0.047 	-0.0536	-0.1026	-0.0376	 0.1291	-0.0052	-0.0877	 0.0137	 0.0638	 0.0411	 0.0811	-0.0889	-0.1458	-0.0486	 0.062 	-0.0069	-0.0131	 0.1266	 0.002 	NR2A_N
 0.1197	 0.1489	-0.0975	-0.1087	-0.1104	-0.125 	-0.0099	 0.0954	-0.0161	-0.066 	-0.0067	 0.0052	 0.0435	 0.0875	-0.0029	 0.0668	-0.0456	 0.0852	-0.0665	 0.0397	-0.0196	 0.0354	 0.1539	 0.0335	 0.0336	-0.0864	-0.1063	 0.0428	-0.132 	 0.0964	 0.14  	 0.0187	pAKT_N
 0.1239	 0.1434	-0.1212	-0.0814	-0.0618	-0.1548	-0.0194	 0.0535	-0.0511	 0.0099	 0.0211	 0.1152	 0.0838	 0.0158	 0.0467	-0.0329	 0.0079	 0.0739	-0.0319	 0.0377	 0.0344	-0.1644	-0.0801	 0.0254	 0.0357	 0.0004	-0.0751	 0.0396	 0.2122	 0.0101	-0.1105	-0.0662	pBRAF_N
 0.1023	 0.1001	 0.043 	-0.0142	-0.2096	 0.0556	 0.0824	-0.1554	-0.201 	-0.0827	-0.1299	-0.1864	-0.0526	 0.0057	-0.3027	 0.0725	-0.0565	 0.1864	 0.1273	-0.1338	 0.028 	 0.1822	-0.0825	-0.2038	-0.1135	-0.1584	 0.1523	 0.112 	 0.0818	-0.0261	 0.0896	 0.0146	pCAMKII_N
 0.1667	 0.0385	 0.0085	-0.1273	-0.1101	-0.0461	-0.1012	 0.0613	-0.0056	 0.0638	 0.1652	 0.0345	 0.0553	-0.2971	-0.14  	 0.0591	 0.0177	-0.1496	 0.063 	-0.0348	 0.0732	 0.0101	 0.0224	-0.0394	-0.0206	 0.1833	-0.0089	-0.091 	-0.0614	-0.0866	 0.0089	 0.2142	pCREB_N
 0.0893	-0.113 	-0.127 	 0.0543	 0.0869	-0.1642	-0.1833	-0.1911	-0.0234	 0.0827	-0.034 	-0.1182	 0.0106	-0.0413	-0.0314	 0.1077	 0.0369	-0.0454	-0.0355	-0.0254	-0.0404	 0.0301	 0.1159	 0.0318	 0.0264	 0.113 	-0.0665	-0.0144	-0.2378	 0.1352	-0.3336	-0.0408	pELK_N
 0.0484	-0.1859	-0.1012	 0.0041	 0.1271	-0.1719	-0.1132	-0.196 	-0.0617	-0.0229	-0.0853	-0.0488	 0.0716	-0.0009	-0.0651	 0.1222	-0.0258	-0.0099	-0.0273	 0.0757	 0.0131	-0.0842	 0.0323	 0.0014	-0.0406	-0.0334	 0.0139	-0.0213	 0.1104	-0.0753	 0.0856	-0.0529	pERK_N
 0.167 	 0.1068	-0.0178	-0.0379	-0.0826	-0.0936	 0.0074	 0.1228	-0.1684	-0.0571	-0.038 	-0.0272	 0.1217	 0.1796	-0.0925	 0.0597	 0.0762	 0.0771	-0.1241	 0.0733	-0.0104	-0.1411	-0.0178	 0.038 	 0.0975	-0.0286	 0.0042	 0.0197	 0.05  	 0.0037	-0.013 	 0.0042	pJNK_N
 0.155 	-0.0632	-0.1007	-0.0781	-0.066 	 0.1203	 0.2319	-0.0841	-0.0048	 0.0023	-0.0992	 0.0322	-0.0002	-0.1208	 0.0329	-0.0128	 0.0214	 0.0055	 0.1614	 0.0102	 0.0959	 0.0191	 0.1284	-0.0742	-0.0359	 0.133 	 0.058 	-0.0552	-0.0503	 0.0492	 0.0384	-0.1298	PKCA_N
 0.1527	 0.1215	-0.0847	-0.0994	-0.1187	-0.1098	-0.0434	 0.0833	-0.0619	 0.0064	 0.0066	-0.0376	 0.0851	 0.0322	 0.0615	 0.0246	-0.0191	 0.0677	-0.0242	-0.0545	 0.0562	-0.016 	 0.0334	 0.0801	 0.0263	-0.0012	 0.0153	-0.0592	-0.0197	 0.0025	 0.0701	 0.1288	pMEK_N
 0.1929	-0.0386	 0.0533	 0.1078	-0.0013	 0.0502	-0.0245	-0.0199	 0.0375	 0.1298	-0.0093	 0.1184	-0.0196	-0.0375	-0.1381	-0.146 	 0.0354	-0.0162	 0.0202	 0.0538	-0.141 	 0.0861	-0.0712	 0.1109	 0.0204	-0.0616	-0.0523	 0.0376	-0.0616	 0.0189	 0.0556	-0.0251	pNR1_N
 0.143 	 0.0819	 0.1248	 0.0972	-0.0352	 0.0188	 0.0336	 0.0335	-0.1886	 0.0386	-0.1268	-0.1577	 0.077 	-0.086 	-0.2568	 0.1202	 0.1547	-0.0277	-0.0601	 0.1692	-0.0098	-0.1718	 0.0085	 0.0514	-0.0936	 0.0977	 0.0443	-0.2178	 0.1013	-0.0524	 0.1242	 0.0402	pNR2A_N
 0.1929	-0.0337	 0.083 	 0.1157	-0.0026	-0.0032	-0.0064	-0.0057	-0.0142	 0.0526	-0.0039	-0.0134	-0.1184	-0.0107	-0.1387	-0.098 	 0.0641	 0.031 	 0.0494	 0.1406	-0.0689	 0.009 	 0.0184	 0.0269	 0.0745	 0.0239	-0.0764	 0.055 	-0.1147	 0.1043	 0.0821	-0.1571	pNR2B_N
 0.0884	-0.1526	-0.0808	-0.1132	-0.071 	 0.124 	 0.2586	-0.0628	 0.0627	 0.0229	-0.1152	-0.0718	 0.007 	 0.004 	-0.0405	-0.0076	 0.0519	 0.0232	 0.0477	 0.1294	 0.0335	-0.0564	 0.1189	-0.0849	 0.0123	 0.1633	-0.1103	-0.1427	-0.092 	 0.0276	-0.0191	-0.1746	pPKCAB_N
 0.0935	 0.0105	-0.0769	-0.2045	-0.2262	-0.0051	 0.064 	-0.0324	-0.1379	 0.0296	-0.1026	 0.0655	 0.2945	 0.2015	 0.0795	-0.0433	 0.0356	 0.2233	 0.0859	-0.0273	 0.0041	-0.0026	 0.0921	 0.1062	 0.001 	-0.1204	 0.1421	-0.0383	-0.117 	-0.0116	-0.1056	-0.0534	pRSK_N
 0.1792	 0.0281	 0.0513	 0.0688	 0.0294	-0.0256	-0.1557	 0.0686	 0.0864	 0.0944	 0.0997	 0.0238	 0.1413	 0.2565	 0.0625	-0.0879	 0.0574	 0.1709	-0.0027	-0.1694	 0.0014	 0.0166	 0.0701	-0.0497	 0.004 	-0.0734	-0.0452	-0.0503	-0.1343	-0.0096	-0.0273	-0.1136	AKT_N
 0.0457	-0.1565	-0.1391	-0.0369	 0.0765	-0.2104	-0.1576	-0.2459	-0.0193	 0.0289	-0.0952	-0.0878	 0.0237	-0.0161	-0.0189	 0.1166	-0.0433	 0.0026	-0.0197	 0.0148	-0.0025	-0.0391	 0.0331	 0.0196	-0.0251	-0.0297	 0.0172	 0.0053	 0.047 	-0.0229	 0.0379	-0.006 	BRAF_N
 0.1566	 0.0973	-0.1228	-0.0372	 0.0253	-0.1273	-0.0349	 0.1004	 0.0949	 0.0484	 0.022 	-0.0043	-0.1052	-0.1183	-0.0371	 0.0142	-0.1779	 0.0561	-0.0028	-0.0056	-0.0112	 0.1247	-0.0608	-0.1649	-0.0826	 0.0918	-0.139 	 0.0524	-0.1176	 0.0826	-0.0487	-0.1554	CAMKII_N
 0.1119	 0.1152	-0.1529	-0.1285	-0.0287	-0.1312	 0.0063	 0.0304	-0.0206	 0.0052	-0.0253	 0.0338	-0.0398	-0.2318	 0.0737	 0.0279	-0.065 	-0.0511	 0.0972	-0.0526	 0.0151	-0.1129	-0.1537	-0.0678	-0.1818	-0.1114	-0.1545	-0.0992	 0.3156	-0.0602	 0.0641	-0.0698	CREB_N
 0.1688	-0.1018	 0.0925	 0.0344	 0.0596	 0.1   	-0.0796	 0.0077	 0.0387	 0.0979	 0.0424	 0.038 	 0.1172	 0.0046	-0.1183	-0.0659	 0.1501	-0.0806	 0.1047	-0.1791	 0.0368	-0.1048	-0.0347	-0.0626	 0.0607	 0.0809	 0.0577	-0.1247	-0.0417	-0.05  	-0.0316	 0.0786	ELK_N
 0.164 	-0.1427	 0.0587	 0.0612	 0.0783	 0.034 	-0.0214	 0.113 	 0.0699	 0.0181	 0.0151	 0.0321	-0.0612	 0.0613	-0.0422	 0.0126	 0.0889	-0.0866	 0.0058	-0.0702	 0.0722	 0.0488	 0.0414	-0.0652	-0.0192	-0.0241	 0.0585	 0.0426	-0.0167	 0.0066	 0.1213	 0.0487	ERK_N
 0.1261	-0.1895	-0.0656	-0.0154	-0.0295	-0.0793	-0.0097	-0.1464	 0.0589	 0.0298	-0.0624	-0.0111	-0.0926	 0.0659	 0.0599	-0.0669	 0.0401	 0.0022	-0.0647	-0.02  	-0.0366	 0.0238	-0.0553	 0.0383	 0.0338	-0.0181	-0.0506	 0.0175	-0.0756	 0.0129	 0.0595	 0.0213	GSK3B_N
 0.1654	 0.0234	-0.1143	-0.1005	-0.0554	-0.1483	-0.018 	 0.0997	-0.009 	 0.0302	 0.0266	 0.1319	 0.0592	 0.1922	 0.0213	-0.1376	-0.0284	 0.1702	-0.1246	 0.033 	 0.0033	-0.0917	 0.0432	 0.0306	 0.1338	-0.068 	-0.0392	 0.0536	 0.099 	 0.0287	-0.156 	 0.0116	JNK_N
 0.1953	 0.0041	-0.0344	-0.0842	-0.0467	-0.0586	-0.0163	 0.0251	 0.0341	 0.071 	 0.115 	 0.0018	 0.0507	 0.0796	 0.0759	 0.0131	 0.0556	-0.0525	 0.0442	-0.054 	 0.1362	-0.0386	-0.0609	-0.0763	 0.0449	 0.0351	 0.0381	-0.0525	 0.1451	 0.1663	 0.126 	 0.1575	MEK_N
 0.193 	-0.0808	 0.0277	-0.0648	-0.081 	-0.0288	 0.0129	 0.0297	 0.0777	 0.0253	 0.0194	 0.0504	-0.1905	-0.0076	-0.0551	-0.0533	 0.013 	 0.0138	-0.0393	 0.047 	-0.0673	-0.0592	 0.0206	-0.0027	 0.1133	-0.0401	-0.0367	 0.0039	-0.055 	-0     	 0.0276	-0.0567	TRKA_N
 0.1066	 0.0989	-0.1496	-0.1264	-0.0815	-0.1841	-0.048 	 0.1421	 0.0921	 0.0751	-0.0033	 0.0663	-0.0357	-0.1791	-0.0338	 0.045 	-0.1273	-0.1101	-0.0061	 0.0194	-0.0451	 0.0982	-0.0572	-0.0502	 0.0721	 0.1466	-0.1261	-0.0947	-0.086 	-0.1078	-0.0166	-0.0127	RSK_N
 0.1353	-0.0588	-0.0789	-0.0565	-0.0401	 0.1257	-0.0322	-0.0924	-0.0263	-0.273 	 0.3447	 0.0629	-0.1297	-0.12  	-0.0187	 0.0002	 0.0809	 0.1696	 0.0808	-0.0492	-0.0395	-0.0691	 0.0046	-0.1081	-0.0241	 0.0782	 0.0988	 0.1363	 0.1924	 0.0413	-0.1261	 0.0311	APP_N
 0.1851	-0.0787	 0.082 	 0.0556	-0.0946	 0.0639	-0.0784	-0.0247	-0.0298	 0.1304	 0.0767	 0.0341	-0.07  	-0.0543	-0.0212	-0.0715	 0.0266	 0.0333	 0.0492	-0.063 	 0.0036	 0.022 	 0.0435	 0.0847	-0.053 	-0.1012	 0.1339	 0.068 	-0.0475	-0.0246	 0.0472	 0.1126	Bcatenin_N
 0.0503	 0.1488	 0.1029	 0.027 	-0.1109	 0.0514	-0.2232	-0.0161	 0.0272	 0.2448	 0.1849	 0.0108	-0.0047	-0.0591	 0.1877	 0.0384	 0.1525	-0.048 	-0.2274	-0.0351	 0.0154	-0.0171	 0.1218	 0.1527	-0.2899	 0.0888	 0.2455	-0.1149	-0.0438	-0.1247	-0.1335	-0.1374	SOD1_N
 0.1318	 0.1266	-0.0915	 0.1526	 0.0493	 0.0697	 0.0907	-0.0924	 0.1609	-0.0387	 0.0095	 0.0943	 0.0739	 0.0752	 0.0632	 0.1191	-0.0472	-0.0508	-0.0577	 0.1148	-0.0757	 0.0449	 0.0194	 0.0066	 0.0097	-0.0153	 0.07  	-0.0004	 0.0439	 0.0322	-0.0608	 0.022 	MTOR_N
 0.055 	 0.2033	-0.0463	 0.131 	 0.012 	 0.0652	 0.0583	-0.1979	 0.048 	-0.0418	 0.0176	 0.0588	 0.149 	-0.0093	 0.104 	 0.0436	-0.0847	-0.003 	 0.0182	 0.0244	-0.0752	-0.0951	-0.1024	-0.0013	 0.0342	 0.1245	 0.0859	-0.0014	-0.0337	 0.1679	-0.0668	 0.1302	P38_N
 0.1541	 0.1283	-0.014 	 0.1478	-0.0149	-0.0178	 0.0353	-0.0371	-0.0618	-0.0649	-0.0128	-0.0157	 0.0543	-0.0215	 0.0258	 0.0712	 0.0356	-0.0654	-0.0241	 0.2361	-0.0025	 0.2114	 0.0324	 0.0443	-0.0006	-0.006 	 0.2404	-0.0983	-0.066 	-0.0522	 0.1741	 0.0479	pMTOR_N
 0.1174	 0.1184	-0.1599	 0.0736	 0.1214	 0.0328	 0.0018	 0.0283	-0.0157	-0.1778	 0.0417	-0.0068	-0.0877	 0.0132	 0.0722	 0.0602	 0.0371	-0.1354	-0.1143	 0.3216	 0.0541	 0.2521	 0.0801	-0.0263	 0.0106	-0.0005	 0.0515	-0.062 	 0.0099	-0.0113	-0.0565	-0.0473	DSCR1_N
 0.1643	 0.0193	-0.1032	 0.1708	 0.1019	 0.1494	-0.0015	-0.0076	 0.0399	-0.0166	-0.0397	 0.0067	 0.0925	 0.0342	 0.0263	-0.0588	-0.0575	-0.0932	 0.037 	-0.0966	 0.0448	-0.0849	-0.0748	 0.0287	 0.0483	-0.0147	-0.0962	-0.0352	-0.0856	-0.0264	-0.024 	 0.0938	AMPKA_N
 0.1579	 0.113 	-0.0677	 0.1088	 0.0609	 0.0538	 0.0226	-0.0655	 0.1066	-0.0306	-0.0688	 0.0827	-0.0202	 0.0103	 0.0748	-0.0151	-0.0467	-0.0682	-0.0973	 0.1719	-0.1302	 0.1829	 0.0099	 0.0076	-0.0605	-0.1186	 0.1509	-0.0963	 0.1761	-0.1153	-0.0245	-0.1021	NR2B_N
 0.1306	-0.0247	-0.1593	 0.0559	 0.186 	 0.1042	 0.0818	 0.1212	-0.0771	-0.2088	-0.0421	 0.0681	 0.0784	 0.0732	-0.1182	 0.0483	-0.0748	-0.0093	-0.0469	-0.0683	 0.0457	 0.1189	-0.1001	-0.0624	-0.1045	-0.0694	-0.1128	 0.1867	-0.0568	 0.041 	-0.0031	 0.0578	pNUMB_N
 0.1184	 0.1205	-0.1764	 0.1072	 0.0939	 0.1253	 0.03  	-0.0352	-0.0458	-0.0553	-0.044 	 0.0014	 0.0571	-0.0523	 0.1673	 0.0464	-0.0193	-0.0491	 0.0088	-0.0829	 0.0205	-0.0707	-0.0689	 0.0912	-0.071 	-0.0282	-0.04  	 0.0933	-0.0283	 0.0214	-0.0091	 0.0805	RAPTOR_N
 0.1429	 0.0422	-0.1385	 0.106 	 0.0831	 0.2224	-0.0203	-0.0679	-0.0448	-0.1446	 0.1347	-0.0148	 0.0178	 0.01  	 0.0506	 0.013 	 0.0363	-0.0775	 0.0727	-0.0443	 0.0308	-0.0953	-0.0486	 0.0425	-0.0369	-0.0329	-0.0956	 0.1128	-0.0243	 0.0695	-0.0042	 0.0224	TIAM1_N
 0.0117	 0.0928	-0.1105	-0.1056	-0.2217	 0.2252	 0.0931	-0.2668	 0.0326	 0.0522	-0.0197	-0.0281	-0.0175	-0.0021	-0.0311	-0.0107	-0.1534	-0.1013	 0.022 	 0.0429	-0.0337	 0.0588	-0.0102	 0.0169	 0.0281	-0.0273	-0.0532	 0.0107	-0.0819	-0.0488	-0.2819	-0.1521	pP70S6_N
 0.1004	-0.1394	 0.1547	-0.0669	 0.0998	 0.1249	-0.0679	 0.1242	-0.0445	-0.0114	 0.0787	-0.0439	 0.1258	 0.1115	-0.1016	-0.0623	-0.0498	-0.0387	-0.0998	 0.117 	-0.0809	 0.014 	-0.2073	-0.022 	 0.1034	 0.0811	-0.0832	-0.0941	 0.0525	-0.0739	-0.1936	-0.1582	NUMB_N
 0.0948	-0.0646	 0.2283	 0.0272	 0.0696	-0.0568	-0.0721	 0.0245	-0.1845	-0.1633	 0.0586	-0.0763	 0.1966	 0.088 	-0.0923	 0.0688	 0.0171	-0.1454	 0.0161	 0.0646	 0.0333	 0.1215	-0.0487	-0.106 	 0.099 	 0.1629	-0.0751	 0.0522	-0.0346	 0.0915	-0.206 	 0.0916	P70S6_N
 0.0581	-0.1064	-0.0634	-0.2173	 0.1719	 0.0136	 0.0606	 0.1488	-0.1317	 0.0626	 0.0221	-0.0387	 0.1284	-0.1637	 0.1822	-0.029 	-0.1034	-0.047 	 0.2039	-0.149 	 0.0928	 0.2569	 0.0039	 0.1452	-0.0792	 0.0102	 0.0631	-0.0442	-0.089 	-0.2028	 0.0139	 0.0882	pGSK3B_N
 0.0024	-0.0156	-0.0119	-0.2585	-0.2349	 0.1837	 0.1681	-0.1551	 0.001 	 0.0431	-0.0407	-0.1482	 0.0231	 0.0407	-0.0346	 0.0339	 0.0015	-0.1267	-0.013 	 0.0143	-0.0476	-0.0705	-0.0646	-0.0095	 0.0302	 0.0549	-0.0236	-0.0998	-0.0891	 0.0744	-0.0367	-0.0136	pPKCG_N
 0.0891	-0.0949	 0.0745	-0.162 	 0.1039	-0.0203	 0.1416	 0.1106	-0.0302	 0.0319	 0.1254	-0.0073	-0.1425	 0.2008	 0.1125	 0.1324	-0.1429	-0.0312	-0.1101	 0.2251	-0.0823	-0.3759	-0.2879	-0.2093	-0.3723	-0.0433	 0.1829	 0.0283	-0.3224	-0.1383	 0.0631	 0.0231	CDK5_N
 0.0147	-0.1228	 0.0673	-0.2369	 0.065 	 0.1213	-0.11  	 0.0963	 0.026 	-0.1523	 0.0568	 0.1477	 0.1023	 0.1112	-0.281 	 0.0412	-0.1487	 0.0148	-0.0294	-0.0952	-0.1499	 0.2192	-0.0439	 0.0303	-0.1949	 0.0769	 0.0606	-0.0941	 0.1022	-0.0856	-0.0438	-0.0281	S6_N
 0.1353	-0.0599	 0.0552	 0.0461	 0.0671	 0.1251	 0.1469	 0.0571	 0.1447	-0.104 	-0.1958	-0.1519	-0.1795	-0.0412	 0.075 	 0.1524	 0.234 	 0.2625	-0.2074	-0.0676	-0.0793	-0.0694	 0.1509	 0.0725	-0.0405	 0.0394	-0.2023	-0.1222	 0.1803	-0.2917	-0.1552	 0.1174	ADARB1_N
-0.0246	 0.0502	 0.0124	-0.1679	 0.0027	 0.2993	-0.2653	-0.0427	-0.0273	 0.0478	-0.2668	 0.214 	-0.0098	-0.0856	 0.0337	-0.0033	 0.0975	 0.1506	 0.1062	 0.1086	 0.0594	-0.0732	-0.0139	-0.0989	 0.1266	 0.0351	 0.0588	-0.068 	-0.021 	 0.0514	 0.0324	 0.083 	AcetylH3K9_N
 0.0064	 0.0648	-0.0993	-0.1066	 0.2123	 0.1066	-0.0686	 0.0498	-0.1919	 0.0696	-0.0466	-0.2262	 0.1073	-0.1647	 0.0878	-0.4099	-0.0917	-0.035 	-0.1853	-0.0587	-0.4774	-0.0976	 0.3554	-0.3391	-0.0642	-0.0098	 0.0296	 0.0165	 0.0265	 0.0945	 0.0705	 0.0476	RRP1_N
 0.1138	-0.0681	 0.1105	-0.0472	 0.0851	 0.1269	-0.0168	 0.0305	-0.145 	 0.0903	-0.0611	-0.3385	-0.1305	 0.1273	 0.3059	-0.1955	-0.0767	 0.0353	-0.0088	 0.1108	 0.2789	 0.0945	-0.1444	 0.1034	-0.0552	 0.1613	-0.0966	-0.1309	 0.1866	 0.3322	-0.0301	 0.1356	BAX_N
 0.0932	 0.1394	 0.2042	 0.0326	 0.0819	-0.0355	-0.059 	-0.0371	 0.0925	-0.0831	-0.1054	-0.1047	-0.0708	-0.0039	 0.0555	 0.0248	-0.2131	 0.1115	 0.125 	-0.0777	 0.1304	-0.1251	 0.0864	-0.0155	-0.0548	 0.0615	-0.057 	 0.0782	-0.073 	-0.1489	-0.099 	-0.1092	ARC_N
 0.0921	 0.0807	 0.1983	-0.1186	 0.0978	-0.0242	-0.021 	 0.0039	 0.1673	-0.1257	-0.1384	 0.1025	-0.0725	 0.0039	 0.1491	 0.0945	 0.0433	 0.0306	 0.1636	-0.0486	-0.0459	 0.1021	 0.1247	-0.0561	-0.0014	-0.1136	 0.0085	-0.0965	-0.165 	 0.1028	 0.0624	 0.0014	ERBB4_N
 0.0885	 0.0261	 0.2267	-0.0318	-0.0516	-0.0006	-0.0458	-0.1582	-0.0224	-0.0752	 0.0198	 0.0727	 0.1434	 0.1003	 0.0115	-0.2333	-0.2862	-0.3222	 0.1239	 0.0873	 0.0606	-0.1253	 0.1708	 0.2005	-0.0634	 0.0243	-0.0978	 0.1232	 0.2367	-0.1052	 0.1877	-0.2483	nNOS_N
 0.0047	 0.0195	 0.065 	-0.1799	 0.0948	 0.2053	-0.3503	-0.0905	 0.0618	-0.0384	-0.2121	 0.1273	 0.0669	 0.0848	 0.0711	 0.0905	-0.0056	-0.0117	 0.007 	 0.1026	-0.0818	 0.0508	-0.1627	-0.1718	 0.1137	-0.0838	-0.0507	-0.0811	 0.1028	-0.1531	-0.0394	 0.0268	Tau_N
 0.0059	 0.0216	-0.0956	-0.162 	 0.3286	 0.0794	 0.0052	 0.1095	-0.0859	 0.046 	-0.0317	-0.0843	 0.0483	-0.1535	-0.0515	 0.043 	-0.0739	 0.2787	 0.0315	 0.0319	 0.0236	 0.0573	-0.027 	 0.3853	 0.0582	 0.0485	 0.2846	 0.0593	 0.0143	 0.0328	-0.0214	-0.1938	GFAP_N
 0.0024	-0.0218	 0.1828	 0.0646	 0.1032	-0.0198	 0.1912	-0.2101	-0.2558	 0.1633	 0.0856	 0.294 	-0.0059	-0.1673	-0.0244	 0.0131	-0.1426	 0.1954	 0.0042	 0.0431	-0.1017	-0.0412	-0.058 	 0.0431	-0.1596	-0.0857	-0.0104	 0.0669	 0.0096	 0.1527	-0.2598	 0.1677	GluR3_N
 0.0422	-0.0101	 0.128 	-0.0084	 0.1075	 0.1142	 0.1072	-0.1753	-0.302 	 0.1441	 0.2185	 0.1876	-0.0659	-0.0512	 0.094 	 0.255 	-0.2514	 0.1028	-0.3853	-0.1553	 0.1755	 0.0648	 0.1035	-0.1453	 0.362 	 0.0008	-0.131 	-0.159 	-0.0212	-0.0762	 0.2621	-0.1355	GluR4_N
-0.0163	 0.1502	 0.1965	-0.06  	 0.1185	-0.1465	-0.0062	-0.074 	 0.102 	-0.0886	-0.042 	 0.1529	 0.0593	-0.0562	 0.0078	 0.0243	 0.1462	 0.0235	 0.0105	-0.0396	 0.0083	 0.0391	 0.1052	-0.1924	-0.0663	-0.059 	-0.0364	-0.0279	 0.0335	 0.2159	-0.0657	 0.0114	IL1B_N
 0.0514	 0.0354	 0.0901	-0.2293	 0.1346	 0.1024	 0.1372	-0.0478	 0.2892	-0.0783	 0.0111	-0.0121	 0.0334	-0.0217	-0.1515	 0.0974	-0.0603	-0.1713	-0.1465	-0.1488	-0.1115	-0.198 	 0.0593	 0.2967	 0.0621	-0.2286	 0.0548	-0.1079	 0.0345	 0.245 	 0.1194	 0.1202	P3525_N
 0.0631	 0.0384	 0.2316	-0.0622	 0.0616	-0.0557	 0.1232	-0.0062	-0.2057	-0.1153	 0.0267	 0.035 	 0.249 	-0.1342	 0.1027	 0.1229	 0.2702	-0.0867	 0.1179	 0.1424	 0.0159	-0.0087	 0.2121	 0.0208	-0.1246	-0.126 	-0.2311	 0.0632	-0.1381	-0.0435	 0.0006	-0.0072	pCASP9_N
 0.0679	 0.0459	 0.2397	-0.0914	-0.0603	-0.1807	-0.012 	-0.021 	-0.034 	 0.0081	-0     	-0.002 	-0.2324	-0.1383	-0.035 	-0.049 	-0.1108	 0.0637	 0.0261	 0.2015	-0.1688	 0.0619	-0.0563	 0.1629	 0.0857	-0.0657	-0.0526	-0.0716	 0.1115	 0.0461	-0.1646	 0.199 	PSD95_N
 0.0008	 0.2113	 0.0223	-0.017 	 0.1849	-0.0764	 0.0054	-0.0358	 0.1058	-0.0331	 0.0307	-0.1502	 0.0646	-0.0635	-0.085 	 0.1031	-0.0669	 0.0002	 0.0518	-0.1292	-0.1225	-0.1277	-0.1714	 0.1408	 0.1791	 0.0878	 0.0229	-0.1162	-0.1403	 0.0897	 0.0333	-0.0152	SNCA_N
 0.0846	 0.1842	 0.0981	-0.0815	-0.0419	-0.0701	 0.0152	 0.039 	-0.069 	-0.1175	-0.0689	-0.2747	-0.0966	-0.0141	-0.0636	-0.0191	-0.0016	-0.0223	-0.096 	-0.103 	-0.0929	 0.081 	-0.1102	-0.0428	 0.1124	 0.0479	 0.0474	 0.1295	-0.0432	-0.0086	 0.0665	-0.0158	Ubiquitin_N
 0.0421	-0.0792	 0.105 	-0.2051	-0.0078	-0.1495	 0.1377	-0.2637	 0.1184	-0.0618	 0.0166	-0.0809	 0.0435	 0.0843	 0.2483	-0.0939	 0.0602	-0.022 	-0.1073	-0.0782	-0.1136	 0.287 	-0.1707	-0.0082	 0.0234	-0.0595	 0.0083	 0.0483	-0.0791	-0.1172	 0.0487	 0.1655	pGSK3B_Tyr216_N
-0.0117	 0.104 	 0.0606	-0.1152	 0.1098	-0.0618	 0.0794	-0.1978	 0.3429	-0.0427	 0.1796	-0.053 	 0.1466	-0.0062	-0.2056	-0.2426	 0.0046	 0.208 	-0.1965	 0.1347	 0.3433	 0.0512	 0.1122	-0.1559	-0.0795	 0.2076	 0.1701	 0.0671	 0.0481	-0.0017	 0.044 	 0.08  	SHH_N
-0.0354	 0.1428	-0.1037	-0.1414	 0.1237	 0.0163	 0.136 	-0.0976	-0.0824	 0.1324	 0.0886	 0.0201	-0.1492	 0.3092	-0.1187	 0.0393	 0.0855	-0.1412	 0.0204	-0.0834	-0.0892	 0.049 	 0.2259	 0.1577	-0.0051	 0.2145	-0.1577	 0.2035	 0.0812	-0.2925	-0.0835	 0.2664	BAD_N
-0.0227	 0.1339	-0.0957	-0.0451	 0.2196	-0.0738	 0.0419	-0.0011	-0.1335	 0.0648	 0.0849	-0.066 	-0.2747	 0.1895	-0.1899	-0.1189	-0.0264	-0.1929	 0.21  	 0.0072	 0.2271	-0.0404	 0.1633	-0.135 	 0.114 	-0.3904	 0.1711	-0.3361	-0.032 	-0.0409	-0.2532	 0.0378	BCL2_N
 0.0932	 0.1394	 0.2042	 0.0326	 0.0819	-0.0355	-0.059 	-0.0371	 0.0925	-0.0831	-0.1054	-0.1047	-0.0708	-0.0039	 0.0555	 0.0248	-0.2131	 0.1115	 0.125 	-0.0777	 0.1304	-0.1251	 0.0864	-0.0155	-0.0548	 0.0615	-0.057 	 0.0782	-0.073 	-0.1489	-0.099 	-0.1092	pS6_N
-0.0566	 0.1344	-0.0462	-0.0345	 0.2102	-0.0333	 0.1096	-0.1595	 0.0086	 0.0655	 0.135 	-0.0733	 0.1448	-0.1569	-0.0637	-0.3066	 0.3074	 0.1213	 0.0333	 0.1186	 0.0597	-0.032 	-0.3228	 0.0151	 0.1146	-0.1925	-0.191 	-0.0158	-0.0937	-0.2687	 0.0699	-0.1311	pCFOS_N
 0.1297	 0.0183	 0.1245	-0.0764	 0.0996	-0.0795	 0.1772	 0.066 	-0.0381	 0.1419	-0.0995	 0.0145	-0.0756	-0.0173	 0.1271	 0.1177	 0.2476	-0.2182	 0.0348	-0.1693	-0.0648	-0.0247	-0.0814	-0.1273	 0.2538	 0.0861	 0.3438	 0.3477	 0.1953	 0.0247	-0.1192	-0.295 	SYP_N
-0.0094	 0.1213	-0.0221	-0.2208	 0.0138	 0.1078	-0.1665	-0.027 	-0.0699	 0.0532	-0.1577	 0.0595	-0.1323	-0.0904	-0.1497	-0.0187	 0.1881	-0.1927	-0.3787	-0.0955	 0.2946	 0.0578	-0.0663	 0.0902	-0.2531	-0.1544	-0.1508	 0.2076	-0.0903	 0.1849	-0.0705	-0.1175	H3AcK18_N
-0.0296	 0.1749	-0.0314	-0.0229	 0.1634	-0.0621	 0.0768	-0.102 	-0.0441	 0.1733	 0.0634	 0.1176	-0.0979	 0.2819	-0.046 	 0.0679	 0.1722	 0.0922	 0.2055	-0.1268	-0.1922	 0.1444	-0.0896	-0.0104	-0.2772	 0.2413	-0.1715	-0.2556	 0.1247	 0.1997	 0.1665	-0.2202	EGR1_N
-0.0275	 0.1667	-0.0563	-0.1494	 0.1248	 0.0657	-0.1477	-0.061 	-0.0649	 0.1314	-0.1049	 0.1409	-0.1916	 0.0949	-0.0225	-0.0024	 0.0322	 0.0448	 0.1453	 0.2544	 0.0071	-0.0917	 0.0364	 0.0148	 0.1145	 0.2076	 0.0171	 0.272 	-0.1186	-0.0563	 0.2172	 0.197 	H3MeK4_N
 0.0203	-0.2018	 0.0138	-0.1637	 0.0673	-0.1189	 0.131 	 0.0937	 0.063 	-0.0085	-0.041 	 0.1354	-0.031 	-0.0357	 0.1266	-0.0333	 0.0315	-0.0623	 0.0232	 0.1706	 0.0739	 0.0091	 0.0495	-0.0175	 0.0027	-0.0527	-0.0209	 0.0461	 0.0819	 0.0743	-0.0063	-0.0068	CaNA_N
-0.0067	-0.0196	-0.028 	-0.1599	-0.0835	 0.1045	-0.1877	-0.0411	-0.0891	-0.3862	 0.4083	-0.0681	-0.2434	-0.0194	 0.121 	-0.001 	 0.1571	 0.0665	 0.1086	 0.0312	-0.093 	-0.053 	 0.0703	 0.1184	 0.0743	-0.0249	-0.0283	-0.0444	-0.0675	 0.0438	 0.069 	-0.1656	Genotype=Ts65Dn
-0.0051	-0.0475	-0.0027	-0.074 	 0.0354	 0.1706	-0.0384	 0.1109	 0.2413	 0.3829	 0.256 	-0.299 	 0.1628	-0.005 	-0.0445	 0.3603	-0.0539	 0.0949	 0.1615	 0.2361	-0.0319	 0.0817	 0.1248	-0.095 	 0.0157	-0.2501	-0.1601	 0.2289	 0.1429	 0.0959	 0.0011	-0.0114	Treatment=Saline
 0.0228	 0.2021	 0.1036	 0.0393	-0.1346	 0.053 	-0.1552	-0.1113	-0.0108	 0.1394	 0.0947	-0.1688	 0.0076	 0.0475	 0.1333	 0.0402	 0.0177	-0.0453	 0.0332	-0.07  	-0.0482	 0.0816	-0.1273	-0.0677	-0.0218	-0.1447	-0.0248	 0.0341	 0.0639	-0.0729	 0.032 	 0.0671	Behavior=S/C

Ranked attributes:
 0.756     1 0.196NR1_N+0.196BDNF_N+0.195MEK_N+0.193TRKA_N+0.193pNR2B_N...
 0.5848    2 0.211SNCA_N+0.203P38_N+0.202Behavior=S/C-0.202CaNA_N-0.191ITSN1_N...
 0.4839    3 0.24 PSD95_N+0.232pCASP9_N+0.228P70S6_N+0.227nNOS_N+0.204ARC_N...
 0.4088    4 -0.258pPKCG_N-0.237S6_N-0.229P3525_N-0.221H3AcK18_N-0.217pGSK3B_N...
 0.358     5 0.329GFAP_N-0.235pPKCG_N-0.226pRSK_N-0.222pP70S6_N+0.22 BCL2_N...
 0.3127    6 0.299AcetylH3K9_N+0.225pP70S6_N+0.222TIAM1_N-0.21BRAF_N+0.205Tau_N...
 0.276     7 -0.35Tau_N-0.265AcetylH3K9_N+0.259pPKCAB_N+0.232PKCA_N-0.223SOD1_N...
 0.2462    8 -0.267pP70S6_N-0.265DYRK1A_N-0.264pGSK3B_Tyr216_N-0.246BRAF_N-0.236ITSN1_N...
 0.2234    9 0.343SHH_N-0.302GluR4_N+0.289P3525_N-0.256GluR3_N+0.241Treatment=Saline...
 0.2029   10 -0.386Genotype=Ts65Dn+0.383Treatment=Saline-0.273APP_N+0.245SOD1_N-0.209pNUMB_N...
 0.1859   11 0.408Genotype=Ts65Dn+0.345APP_N-0.267AcetylH3K9_N+0.256Treatment=Saline+0.218GluR4_N...
 0.1715   12 -0.339BAX_N-0.299Treatment=Saline+0.294GluR3_N-0.275Ubiquitin_N-0.226RRP1_N...
 0.159    13 0.294pRSK_N-0.275BCL2_N+0.249pCASP9_N-0.243Genotype=Ts65Dn-0.232PSD95_N...
 0.1486   14 0.309BAD_N-0.297pCREB_N+0.282EGR1_N+0.257AKT_N-0.232CREB_N...
 0.1382   15 0.306BAX_N-0.303pCAMKII_N-0.281S6_N-0.257pNR2A_N+0.248pGSK3B_Tyr216_N...
 0.1289   16 -0.41RRP1_N+0.36 Treatment=Saline-0.307pCFOS_N+0.255GluR4_N-0.243SHH_N...
 0.1202   17 0.307pCFOS_N-0.286nNOS_N+0.27 pCASP9_N-0.251GluR4_N+0.248SYP_N...
 0.1128   18 -0.322nNOS_N+0.279GFAP_N+0.263ADARB1_N+0.223pRSK_N-0.218SYP_N...
 0.1065   19 -0.385GluR4_N-0.379H3AcK18_N-0.227SOD1_N+0.21 BCL2_N-0.207ADARB1_N...
 0.1004   20 0.322DSCR1_N+0.254H3MeK4_N+0.236Treatment=Saline+0.236pMTOR_N+0.225CDK5_N...
 0.0947   21 -0.477RRP1_N+0.343SHH_N+0.295H3AcK18_N+0.279BAX_N+0.227BCL2_N...
 0.0893   22 -0.376CDK5_N+0.287pGSK3B_Tyr216_N+0.257pGSK3B_N+0.252DSCR1_N+0.219S6_N...
 0.0841   23 0.355RRP1_N-0.323pCFOS_N-0.288CDK5_N+0.226BAD_N+0.212pCASP9_N...
 0.079    24 0.385GFAP_N-0.339RRP1_N+0.297P3525_N-0.209CDK5_N-0.204pCAMKII_N...
 0.0744   25 -0.372CDK5_N+0.362GluR4_N-0.29SOD1_N-0.277EGR1_N+0.254SYP_N...
 0.07     26 -0.39BCL2_N-0.25Treatment=Saline+0.241EGR1_N-0.229P3525_N+0.214BAD_N...
 0.0658   27 0.344SYP_N+0.285GFAP_N+0.245SOD1_N+0.24 pMTOR_N-0.231pCASP9_N...
 0.0618   28 0.348SYP_N-0.336BCL2_N+0.272H3MeK4_N-0.256EGR1_N+0.229Treatment=Saline...
 0.058    29 -0.322CDK5_N+0.316CREB_N-0.238pELK_N+0.237nNOS_N+0.212pBRAF_N...
 0.0547   30 0.332BAX_N-0.293BAD_N-0.292ADARB1_N-0.269pCFOS_N+0.245P3525_N...
 0.0515   31 -0.334pELK_N-0.282pP70S6_N+0.262GluR4_N-0.26GluR3_N-0.253BCL2_N...
 0.0485   32 -0.295SYP_N+0.266BAD_N-0.248nNOS_N-0.22EGR1_N+0.214pCREB_N...

Selected attributes: 1,2,3,4,5,6,7,8,9,10,11,12,13,14,15,16,17,18,19,20,21,22,23,24,25,26,27,28,29,30,31,32 : 32

